2021050100
2021050200
2021050300
2021050400
2021050500
2021050600
2021050700
2021050800
2021050900
2021051000
2021051100
2021051200
2021051300
2021051400
2021051500
2021051600
2021051700
2021051800
2021051900
2021052000
2021052100
2021052200
2021052300
2021052400
2021052500
2021052600
2021052700
2021052800
2021052900
2021053000
2021053100
2021060100
2021060200
2021060300
2021060400
2021060500
2021060600
2021060700
2021060800
2021060900
2021061000
2021061100
2021061200
2021061300
2021061400
2021061500
2021061600
2021061700
2021061800
2021061900
2021062000
2021062100
2021062200
2021062300
2021062400
2021062500
2021062600
2021062700
2021062800
2021062900
2021063000
2020050100
2020050200
2020050300
2020050400
2020050500
2020050600
2020050700
2020050800
2020050900
2020051000
2020051100
2020051200
2020051300
2020051400
2020051500
2020051600
2020051700
2020051800
2020051900
2020052000
2020052100
2020052200
2020052300
2020052400
2020052500
2020052600
2020052700
2020052800
2020052900
2020053000
2020053100
2020060100
2020060200
2020060300
2020060400
2020060500
2020060600
2020060700
2020060800
2020060900
2020061000
2020061100
2020061200
2020061300
2020061400
2020061500
2020061600
2020061700
2020061800
2020061900
2020062000
2020062100
2020062200
2020062300
2020062400
2020062500
2020062600
2020062700
2020062800
2020062900
2020063000
