NOAA-15 ATOVS
    2    20     1     0 
       1       2       3       4       5       6       7       8       9
      10      11      12      13      14      15      16      17      18
      19      20
     1.44000      0.25000      0.25000      0.09000      0.25000     0.36000     2.25000
     39.6900      39.6900      39.6900      9.00000      16.0000     1.44000     1.44000
     0.25000      0.16000      0.16000      0.16000      0.16000     0.16000
NOAA-16 ATOVS
    2    20     1     0 
       1       2       3       4       5       6       7       8       9
      10      11      12      13      14      15      16      17      18
      19      20
     1.44000      0.25000      0.25000      0.09000      0.25000     0.36000     2.25000
     39.6900      39.6900      39.6900      9.00000      16.0000     1.44000     1.44000
     0.25000      0.16000      0.16000      0.16000      0.16000     0.16000
NOAA-17 ATOVS
    2    20     1     0 
       1       2       3       4       5       6       7       8       9
      10      11      12      13      14      15      16      17      18
      19      20
     1.44000      0.25000      0.25000      0.09000      0.25000     0.36000     2.25000
     39.6900      39.6900      39.6900      9.00000      16.0000     1.44000     1.44000
     0.25000      0.16000      0.16000      0.16000      0.16000     0.16000
NOAA-18 ATOVS
    2    20     1     0 
       1       2       3       4       5       6       7       8       9
      10      11      12      13      14      15      16      17      18
      19      20
     1.44000      0.25000      0.25000      0.09000      0.25000     0.36000     2.25000
     39.6900      39.6900      39.6900      9.00000      16.0000     1.44000     1.44000
     0.25000      0.16000      0.16000      0.16000      0.16000     0.16000
