AIRS
       2    2378       1       0
           1           2           3           4           5           6
           7           8           9          10          11          12
          13          14          15          16          17          18
          19          20          21          22          23          24
          25          26          27          28          29          30
          31          32          33          34          35          36
          37          38          39          40          41          42
          43          44          45          46          47          48
          49          50          51          52          53          54
          55          56          57          58          59          60
          61          62          63          64          65          66
          67          68          69          70          71          72
          73          74          75          76          77          78
          79          80          81          82          83          84
          85          86          87          88          89          90
          91          92          93          94          95          96
          97          98          99         100         101         102
         103         104         105         106         107         108
         109         110         111         112         113         114
         115         116         117         118         119         120
         121         122         123         124         125         126
         127         128         129         130         131         132
         133         134         135         136         137         138
         139         140         141         142         143         144
         145         146         147         148         149         150
         151         152         153         154         155         156
         157         158         159         160         161         162
         163         164         165         166         167         168
         169         170         171         172         173         174
         175         176         177         178         179         180
         181         182         183         184         185         186
         187         188         189         190         191         192
         193         194         195         196         197         198
         199         200         201         202         203         204
         205         206         207         208         209         210
         211         212         213         214         215         216
         217         218         219         220         221         222
         223         224         225         226         227         228
         229         230         231         232         233         234
         235         236         237         238         239         240
         241         242         243         244         245         246
         247         248         249         250         251         252
         253         254         255         256         257         258
         259         260         261         262         263         264
         265         266         267         268         269         270
         271         272         273         274         275         276
         277         278         279         280         281         282
         283         284         285         286         287         288
         289         290         291         292         293         294
         295         296         297         298         299         300
         301         302         303         304         305         306
         307         308         309         310         311         312
         313         314         315         316         317         318
         319         320         321         322         323         324
         325         326         327         328         329         330
         331         332         333         334         335         336
         337         338         339         340         341         342
         343         344         345         346         347         348
         349         350         351         352         353         354
         355         356         357         358         359         360
         361         362         363         364         365         366
         367         368         369         370         371         372
         373         374         375         376         377         378
         379         380         381         382         383         384
         385         386         387         388         389         390
         391         392         393         394         395         396
         397         398         399         400         401         402
         403         404         405         406         407         408
         409         410         411         412         413         414
         415         416         417         418         419         420
         421         422         423         424         425         426
         427         428         429         430         431         432
         433         434         435         436         437         438
         439         440         441         442         443         444
         445         446         447         448         449         450
         451         452         453         454         455         456
         457         458         459         460         461         462
         463         464         465         466         467         468
         469         470         471         472         473         474
         475         476         477         478         479         480
         481         482         483         484         485         486
         487         488         489         490         491         492
         493         494         495         496         497         498
         499         500         501         502         503         504
         505         506         507         508         509         510
         511         512         513         514         515         516
         517         518         519         520         521         522
         523         524         525         526         527         528
         529         530         531         532         533         534
         535         536         537         538         539         540
         541         542         543         544         545         546
         547         548         549         550         551         552
         553         554         555         556         557         558
         559         560         561         562         563         564
         565         566         567         568         569         570
         571         572         573         574         575         576
         577         578         579         580         581         582
         583         584         585         586         587         588
         589         590         591         592         593         594
         595         596         597         598         599         600
         601         602         603         604         605         606
         607         608         609         610         611         612
         613         614         615         616         617         618
         619         620         621         622         623         624
         625         626         627         628         629         630
         631         632         633         634         635         636
         637         638         639         640         641         642
         643         644         645         646         647         648
         649         650         651         652         653         654
         655         656         657         658         659         660
         661         662         663         664         665         666
         667         668         669         670         671         672
         673         674         675         676         677         678
         679         680         681         682         683         684
         685         686         687         688         689         690
         691         692         693         694         695         696
         697         698         699         700         701         702
         703         704         705         706         707         708
         709         710         711         712         713         714
         715         716         717         718         719         720
         721         722         723         724         725         726
         727         728         729         730         731         732
         733         734         735         736         737         738
         739         740         741         742         743         744
         745         746         747         748         749         750
         751         752         753         754         755         756
         757         758         759         760         761         762
         763         764         765         766         767         768
         769         770         771         772         773         774
         775         776         777         778         779         780
         781         782         783         784         785         786
         787         788         789         790         791         792
         793         794         795         796         797         798
         799         800         801         802         803         804
         805         806         807         808         809         810
         811         812         813         814         815         816
         817         818         819         820         821         822
         823         824         825         826         827         828
         829         830         831         832         833         834
         835         836         837         838         839         840
         841         842         843         844         845         846
         847         848         849         850         851         852
         853         854         855         856         857         858
         859         860         861         862         863         864
         865         866         867         868         869         870
         871         872         873         874         875         876
         877         878         879         880         881         882
         883         884         885         886         887         888
         889         890         891         892         893         894
         895         896         897         898         899         900
         901         902         903         904         905         906
         907         908         909         910         911         912
         913         914         915         916         917         918
         919         920         921         922         923         924
         925         926         927         928         929         930
         931         932         933         934         935         936
         937         938         939         940         941         942
         943         944         945         946         947         948
         949         950         951         952         953         954
         955         956         957         958         959         960
         961         962         963         964         965         966
         967         968         969         970         971         972
         973         974         975         976         977         978
         979         980         981         982         983         984
         985         986         987         988         989         990
         991         992         993         994         995         996
         997         998         999        1000        1001        1002
        1003        1004        1005        1006        1007        1008
        1009        1010        1011        1012        1013        1014
        1015        1016        1017        1018        1019        1020
        1021        1022        1023        1024        1025        1026
        1027        1028        1029        1030        1031        1032
        1033        1034        1035        1036        1037        1038
        1039        1040        1041        1042        1043        1044
        1045        1046        1047        1048        1049        1050
        1051        1052        1053        1054        1055        1056
        1057        1058        1059        1060        1061        1062
        1063        1064        1065        1066        1067        1068
        1069        1070        1071        1072        1073        1074
        1075        1076        1077        1078        1079        1080
        1081        1082        1083        1084        1085        1086
        1087        1088        1089        1090        1091        1092
        1093        1094        1095        1096        1097        1098
        1099        1100        1101        1102        1103        1104
        1105        1106        1107        1108        1109        1110
        1111        1112        1113        1114        1115        1116
        1117        1118        1119        1120        1121        1122
        1123        1124        1125        1126        1127        1128
        1129        1130        1131        1132        1133        1134
        1135        1136        1137        1138        1139        1140
        1141        1142        1143        1144        1145        1146
        1147        1148        1149        1150        1151        1152
        1153        1154        1155        1156        1157        1158
        1159        1160        1161        1162        1163        1164
        1165        1166        1167        1168        1169        1170
        1171        1172        1173        1174        1175        1176
        1177        1178        1179        1180        1181        1182
        1183        1184        1185        1186        1187        1188
        1189        1190        1191        1192        1193        1194
        1195        1196        1197        1198        1199        1200
        1201        1202        1203        1204        1205        1206
        1207        1208        1209        1210        1211        1212
        1213        1214        1215        1216        1217        1218
        1219        1220        1221        1222        1223        1224
        1225        1226        1227        1228        1229        1230
        1231        1232        1233        1234        1235        1236
        1237        1238        1239        1240        1241        1242
        1243        1244        1245        1246        1247        1248
        1249        1250        1251        1252        1253        1254
        1255        1256        1257        1258        1259        1260
        1261        1262        1263        1264        1265        1266
        1267        1268        1269        1270        1271        1272
        1273        1274        1275        1276        1277        1278
        1279        1280        1281        1282        1283        1284
        1285        1286        1287        1288        1289        1290
        1291        1292        1293        1294        1295        1296
        1297        1298        1299        1300        1301        1302
        1303        1304        1305        1306        1307        1308
        1309        1310        1311        1312        1313        1314
        1315        1316        1317        1318        1319        1320
        1321        1322        1323        1324        1325        1326
        1327        1328        1329        1330        1331        1332
        1333        1334        1335        1336        1337        1338
        1339        1340        1341        1342        1343        1344
        1345        1346        1347        1348        1349        1350
        1351        1352        1353        1354        1355        1356
        1357        1358        1359        1360        1361        1362
        1363        1364        1365        1366        1367        1368
        1369        1370        1371        1372        1373        1374
        1375        1376        1377        1378        1379        1380
        1381        1382        1383        1384        1385        1386
        1387        1388        1389        1390        1391        1392
        1393        1394        1395        1396        1397        1398
        1399        1400        1401        1402        1403        1404
        1405        1406        1407        1408        1409        1410
        1411        1412        1413        1414        1415        1416
        1417        1418        1419        1420        1421        1422
        1423        1424        1425        1426        1427        1428
        1429        1430        1431        1432        1433        1434
        1435        1436        1437        1438        1439        1440
        1441        1442        1443        1444        1445        1446
        1447        1448        1449        1450        1451        1452
        1453        1454        1455        1456        1457        1458
        1459        1460        1461        1462        1463        1464
        1465        1466        1467        1468        1469        1470
        1471        1472        1473        1474        1475        1476
        1477        1478        1479        1480        1481        1482
        1483        1484        1485        1486        1487        1488
        1489        1490        1491        1492        1493        1494
        1495        1496        1497        1498        1499        1500
        1501        1502        1503        1504        1505        1506
        1507        1508        1509        1510        1511        1512
        1513        1514        1515        1516        1517        1518
        1519        1520        1521        1522        1523        1524
        1525        1526        1527        1528        1529        1530
        1531        1532        1533        1534        1535        1536
        1537        1538        1539        1540        1541        1542
        1543        1544        1545        1546        1547        1548
        1549        1550        1551        1552        1553        1554
        1555        1556        1557        1558        1559        1560
        1561        1562        1563        1564        1565        1566
        1567        1568        1569        1570        1571        1572
        1573        1574        1575        1576        1577        1578
        1579        1580        1581        1582        1583        1584
        1585        1586        1587        1588        1589        1590
        1591        1592        1593        1594        1595        1596
        1597        1598        1599        1600        1601        1602
        1603        1604        1605        1606        1607        1608
        1609        1610        1611        1612        1613        1614
        1615        1616        1617        1618        1619        1620
        1621        1622        1623        1624        1625        1626
        1627        1628        1629        1630        1631        1632
        1633        1634        1635        1636        1637        1638
        1639        1640        1641        1642        1643        1644
        1645        1646        1647        1648        1649        1650
        1651        1652        1653        1654        1655        1656
        1657        1658        1659        1660        1661        1662
        1663        1664        1665        1666        1667        1668
        1669        1670        1671        1672        1673        1674
        1675        1676        1677        1678        1679        1680
        1681        1682        1683        1684        1685        1686
        1687        1688        1689        1690        1691        1692
        1693        1694        1695        1696        1697        1698
        1699        1700        1701        1702        1703        1704
        1705        1706        1707        1708        1709        1710
        1711        1712        1713        1714        1715        1716
        1717        1718        1719        1720        1721        1722
        1723        1724        1725        1726        1727        1728
        1729        1730        1731        1732        1733        1734
        1735        1736        1737        1738        1739        1740
        1741        1742        1743        1744        1745        1746
        1747        1748        1749        1750        1751        1752
        1753        1754        1755        1756        1757        1758
        1759        1760        1761        1762        1763        1764
        1765        1766        1767        1768        1769        1770
        1771        1772        1773        1774        1775        1776
        1777        1778        1779        1780        1781        1782
        1783        1784        1785        1786        1787        1788
        1789        1790        1791        1792        1793        1794
        1795        1796        1797        1798        1799        1800
        1801        1802        1803        1804        1805        1806
        1807        1808        1809        1810        1811        1812
        1813        1814        1815        1816        1817        1818
        1819        1820        1821        1822        1823        1824
        1825        1826        1827        1828        1829        1830
        1831        1832        1833        1834        1835        1836
        1837        1838        1839        1840        1841        1842
        1843        1844        1845        1846        1847        1848
        1849        1850        1851        1852        1853        1854
        1855        1856        1857        1858        1859        1860
        1861        1862        1863        1864        1865        1866
        1867        1868        1869        1870        1871        1872
        1873        1874        1875        1876        1877        1878
        1879        1880        1881        1882        1883        1884
        1885        1886        1887        1888        1889        1890
        1891        1892        1893        1894        1895        1896
        1897        1898        1899        1900        1901        1902
        1903        1904        1905        1906        1907        1908
        1909        1910        1911        1912        1913        1914
        1915        1916        1917        1918        1919        1920
        1921        1922        1923        1924        1925        1926
        1927        1928        1929        1930        1931        1932
        1933        1934        1935        1936        1937        1938
        1939        1940        1941        1942        1943        1944
        1945        1946        1947        1948        1949        1950
        1951        1952        1953        1954        1955        1956
        1957        1958        1959        1960        1961        1962
        1963        1964        1965        1966        1967        1968
        1969        1970        1971        1972        1973        1974
        1975        1976        1977        1978        1979        1980
        1981        1982        1983        1984        1985        1986
        1987        1988        1989        1990        1991        1992
        1993        1994        1995        1996        1997        1998
        1999        2000        2001        2002        2003        2004
        2005        2006        2007        2008        2009        2010
        2011        2012        2013        2014        2015        2016
        2017        2018        2019        2020        2021        2022
        2023        2024        2025        2026        2027        2028
        2029        2030        2031        2032        2033        2034
        2035        2036        2037        2038        2039        2040
        2041        2042        2043        2044        2045        2046
        2047        2048        2049        2050        2051        2052
        2053        2054        2055        2056        2057        2058
        2059        2060        2061        2062        2063        2064
        2065        2066        2067        2068        2069        2070
        2071        2072        2073        2074        2075        2076
        2077        2078        2079        2080        2081        2082
        2083        2084        2085        2086        2087        2088
        2089        2090        2091        2092        2093        2094
        2095        2096        2097        2098        2099        2100
        2101        2102        2103        2104        2105        2106
        2107        2108        2109        2110        2111        2112
        2113        2114        2115        2116        2117        2118
        2119        2120        2121        2122        2123        2124
        2125        2126        2127        2128        2129        2130
        2131        2132        2133        2134        2135        2136
        2137        2138        2139        2140        2141        2142
        2143        2144        2145        2146        2147        2148
        2149        2150        2151        2152        2153        2154
        2155        2156        2157        2158        2159        2160
        2161        2162        2163        2164        2165        2166
        2167        2168        2169        2170        2171        2172
        2173        2174        2175        2176        2177        2178
        2179        2180        2181        2182        2183        2184
        2185        2186        2187        2188        2189        2190
        2191        2192        2193        2194        2195        2196
        2197        2198        2199        2200        2201        2202
        2203        2204        2205        2206        2207        2208
        2209        2210        2211        2212        2213        2214
        2215        2216        2217        2218        2219        2220
        2221        2222        2223        2224        2225        2226
        2227        2228        2229        2230        2231        2232
        2233        2234        2235        2236        2237        2238
        2239        2240        2241        2242        2243        2244
        2245        2246        2247        2248        2249        2250
        2251        2252        2253        2254        2255        2256
        2257        2258        2259        2260        2261        2262
        2263        2264        2265        2266        2267        2268
        2269        2270        2271        2272        2273        2274
        2275        2276        2277        2278        2279        2280
        2281        2282        2283        2284        2285        2286
        2287        2288        2289        2290        2291        2292
        2293        2294        2295        2296        2297        2298
        2299        2300        2301        2302        2303        2304
        2305        2306        2307        2308        2309        2310
        2311        2312        2313        2314        2315        2316
        2317        2318        2319        2320        2321        2322
        2323        2324        2325        2326        2327        2328
        2329        2330        2331        2332        2333        2334
        2335        2336        2337        2338        2339        2340
        2341        2342        2343        2344        2345        2346
        2347        2348        2349        2350        2351        2352
        2353        2354        2355        2356        2357        2358
        2359        2360        2361        2362        2363        2364
        2365        2366        2367        2368        2369        2370
        2371        2372        2373        2374        2375        2376
        2377        2378
     0.601001     0.697721     0.933025     0.891929     0.575824     0.607009
     0.720625     0.982841      1.01417     0.740569     0.696100     0.791689
     0.877225     0.950116     0.776164     0.777881     0.499684     0.789956
     0.853604     0.610025     0.689636     0.860836     0.842816     0.513344
     0.518864     0.752336     0.809129     0.686416     0.564176     0.441956
     0.590564     0.688025     0.578756     0.578756     0.475600     0.503761
     0.421924     0.602500     0.428129     0.483556     0.492929     0.395216
     0.441956     0.450881     0.390464     0.450881     0.559841     0.359225
     0.341401     0.564176     0.503761     0.431876     0.435641     0.382225
     0.378724     0.309361     0.391649     0.396409     0.472964     0.450881
     0.346916     0.388100     0.343601     0.394025     0.389281     0.363761
     0.339209     0.434384     0.465104     0.356969     0.335936     0.392836
     0.353600     0.217241     0.241601     0.224041     0.231844     0.233600
     0.265625     0.270400     0.296036     0.267529     0.259024     0.431876
     0.388100     0.364900     0.352481     0.372929     0.245209     0.301121
     0.354721     0.424400     0.359225     0.402404     0.341401     0.321961
     0.316676     0.416996     0.312484     0.392836     0.346916     0.326225
     0.330521     0.444496     0.454736     0.360356     0.356969     0.378724
     0.327296     0.502400     0.370625     0.314576     0.343601     0.330521
     0.359225     0.469025     0.452164     0.326225     0.354721     0.323024
     0.204025     0.228356     0.421924     0.397604     0.351364     0.272324
     0.398801     0.395216     0.416996     0.327296     0.273289     0.120089
     0.121225     0.113441     0.231844     0.214724     0.234481     0.283049
     0.250681     0.278144     0.224900     0.241601     0.268484     0.261841
     0.339209     0.259961     0.246116     0.235364     0.247025     0.335936
     0.295025     0.237136     0.234481     0.223184     0.227489     0.224900
     0.238025     0.230096     0.183641     0.228356     0.193664     0.246116
     0.257156     0.238916     0.233600     0.236249     0.185161     0.200801
     0.202409     0.192881     0.200000     0.202409     0.173956     0.202409
     0.185924     0.224041     0.202409     0.214724     0.198404     0.155600
     0.192100     0.195236     0.181376     0.165316     0.171044     0.188225
     0.175424     0.202409     0.177641     0.163904     0.167449     0.165316
     0.144329     0.166736     0.153569     0.148900     0.128209     0.122369
     0.135481     0.162500     0.122369     0.150889     0.141761     0.142400
     0.137344     0.128209     0.160409     0.198404     0.178384     0.140489
     0.131204     0.119524     0.128209     0.143041     0.115625     0.133025
     0.130000     0.128804     0.126436     0.111824     0.100516     0.107600
     0.130000     0.121225     0.123521    0.0971210    0.0929000     0.100516
     0.106564     0.125264     0.104516     0.101009     0.100025     0.112361
     0.117284     0.102500    0.0924410      915152.     0.104516     0.118961
     0.121225     0.130601     0.130601     0.171769     0.153569     0.139225
     0.160409     0.148900     0.134864     0.124100     0.120656    0.0976000
    0.0915290    0.0980810    0.0849440    0.0857960    0.0875240    0.0906250
     0.101504    0.0985640    0.0816160    0.0780250    0.0985640     0.127025
     0.110225    0.0976000    0.0862250     0.111824     0.134864     0.118961
     0.116729     0.106564     0.133025     0.107600     0.130000     0.146276
     0.297049     0.142400     0.134249     0.166736     0.635984     0.111824
     0.108644     0.152225     0.114529    0.0966440     0.100516     0.340304
     0.127616     0.133025      1.16997     0.191321     0.155600     0.136721
     0.124681     0.109696     0.116729    0.0966440    0.0933610    0.0757210
     0.132416     0.136721     0.288004     0.122944    0.0849440    0.0870890
     0.183641    0.0942890     0.139225    0.0938240     0.136721     0.914225
     0.551225     0.164609    0.0828490     0.100516     0.116176     0.175424
     0.245209     0.129401     0.139856     0.149561     0.115076     0.286016
     0.101504     0.223184     0.127616    0.0857960    0.0772490    0.0985640
     0.166025     0.167449    0.0731240     0.110756    0.0804010     0.130000
     0.131204    0.0929000     0.141761     0.134249     0.159716     0.105536
     0.106049     0.129401     0.116176     0.128804    0.0727610     0.107081
    0.0757210     0.518864     0.172496    0.0780250      1.39257     0.116729
    0.0845210    0.0938240     0.105025     0.111824     0.103504     0.108644
    0.0757210    0.0675560      1.30338     0.137969     0.104009    0.0892840
     0.121225    0.0919840    0.0619040     0.495625    0.0897290     0.168881
    0.0768640     0.142400    0.0640250    0.0742250     0.108121    0.0706250
    0.0956960    0.0796010      1.65036    0.0820250     0.110756     0.110225
     0.116729    0.0971210    0.0816160    0.0665690    0.0804010    0.0776360
     0.581696    0.0749690    0.0966440    0.0788090    0.0713290     0.213056
    0.0699290     0.346916    0.0836810    0.0879610     0.103001     0.605504
     0.470336     0.182129     0.113984    0.0713290    0.0995360     0.102001
     0.135481    0.0947560     0.188225     0.802129     0.134249    0.0942890
    0.0942890    0.0942890    0.0995360    0.0713290     0.134864     0.138596
     0.148900    0.0924410    0.0682240     0.113441    0.0906250     0.138596
     0.137969     0.281081     0.111289    0.0699290     0.207281     0.127616
    0.0724000     0.123521     0.143684    0.0990490     0.106564    0.0637160
    0.0804010     0.181376    0.0971210    0.0816160    0.0870890     0.107600
    0.0637160    0.0643360    0.0675560     0.141761    0.0727610    0.0764810
    0.0879610    0.0738560    0.0713290     0.102500    0.0853690    0.0966440
     0.306256     0.102001    0.0956960    0.0961690      1.59252    0.0985640
      1.12576     0.202409     0.375241     0.106564    0.0849440      1.48240
    0.0678890     0.243401      2.82222    0.0662440    0.0637160     0.391649
    0.0665690    0.0665690     0.234481    0.0702760    0.0622010     0.209744
     0.192100    0.0745960    0.0919840    0.0942890    0.0753440    0.0637160
     0.783044     0.122944    0.0784160      3.38524     0.859025     0.120089
    0.0971210      283582.      3.45880    0.0866560    0.0915290    0.0924410
     0.238025     0.299081    0.0788090     0.192100     0.116729    0.0643360
     0.101504     0.124100     0.227489    0.0761000    0.0862250     0.136721
    0.0764810    0.0919840    0.0832640    0.0761000     0.173956    0.0961690
    0.0672250    0.0706250    0.0695840    0.0678890    0.0598810    0.0699290
    0.0764810    0.0952250     0.444496     0.447044    0.0646490    0.0640250
    0.0713290     0.119524      1.23465    0.0971210    0.0924410     0.397604
     0.138596    0.0780250      2.78234    0.0662440     0.103001    0.0906250
    0.0678890    0.0836810     0.143041    0.0772490    0.0652810     0.102001
     0.107081    0.0682240    0.0897290     0.137969    0.0933610    0.0640250
    0.0816160     0.111289     0.259961    0.0995360     0.115076     0.132416
     0.107081    0.0702760    0.0924410    0.0924410     0.111824     0.122369
    0.0812090     0.113441    0.0938240     0.161801     0.118400    0.0924410
     0.156281    0.0699290    0.0812090    0.0976000     0.332681    0.0919840
     0.113441    0.0682240    0.0933610    0.0706250     0.110225      1.34645
     0.257156     0.121225    0.0961690     0.296036    0.0727610    0.0919840
     0.118400     0.148900     0.149561    0.0845210     0.127025    0.0995360
     0.122944     0.289001    0.0742250     0.420689     0.128804    0.0788090
    0.0884000     0.418225      6.42573     0.904900     0.124681     0.128804
    0.0870890      34.1339     0.155600     0.229225     0.165316     0.164609
     0.153569     0.122369     0.214724     0.132416     0.105536     0.124100
     0.117284     0.248849    0.0947560      243823.     0.160409     0.106564
     0.167449    0.0990490    0.0976000    0.0929000     0.141124     0.404816
     0.160409    0.0942890     0.100025     0.115076    0.0961690     0.798641
     0.168164     0.133636     0.140489    0.0870890    0.0764810     0.182884
     0.105025    0.0709760    0.0764810    0.0685610    0.0716840     0.183641
    0.0672250    0.0613160    0.0716840    0.0841000    0.0672250    0.0649640
    0.0628010     0.150224    0.0646490    0.0845210     0.103001    0.0812090
    0.0643360    0.0576890    0.0875240    0.0628010    0.0571610    0.0619040
    0.0613160    0.0613160    0.0879610    0.0689000    0.0596000    0.0622010
    0.0824360    0.0590440    0.0579560    0.0604490    0.0792040    0.0761000
    0.0587690    0.0604490      473004.      131.395    0.0622010    0.0757210
    0.0534560    0.0662440    0.0659210     0.262784    0.0553760    0.0727610
    0.0548840    0.0544000    0.0525440    0.0634090    0.0682240    0.0532250
    0.0875240    0.0521000    0.0516640    0.0637160    0.0534560    0.0516640
    0.0532250    0.0529960    0.0544000    0.0699290    0.0534560    0.0631040
    0.0494090    0.0541610    0.0523210    0.0502010    0.0523210    0.0510250
    0.0532250    0.0643360    0.0637160    0.0498010    0.0849440    0.0631040
    0.0516640    0.0563840    0.0496040    0.0498010    0.0527690    0.0486490
    0.0587690    0.0516640    0.0561290    0.0484640    0.0574240    0.0486490
    0.0539240    0.0500000    0.0486490      16.1201    0.0510250    0.0492160
    0.0619040    0.0484640    0.0604490    0.0551290     0.137344    0.0598810
    0.0749690    0.0508160    0.0742250    0.0571610      3.42928     0.537025
    0.0481000    0.0563840      3.14112    0.0582250    0.0845210    0.0915290
    0.0482810    0.0464000    0.0563840    0.0473960    0.0546410      157.241
    0.0548840    0.0527690     0.140489    0.0634090    0.0470560    0.0459290
    0.0529960    0.0512360    0.0566410    0.0561290     0.359225    0.0502010
    0.0502010    0.0482810    0.0465610    0.0525440    0.0472250    0.0464000
    0.0521000    0.0468890      997.589    0.0456250    0.0465610    0.0506090
    0.0451840    0.0525440    0.0506090    0.0892840    0.0457760    0.0443560
    0.0464000    0.0488360    0.0473960    0.0436000    0.0440960    0.0447610
    0.0494090    0.0558760    0.0447610    0.0682240     0.103001    0.0442250
    0.0437210    0.0836810    0.0656000    0.0477440    0.0484640    0.0444890
    0.0488360    0.0437210    0.0460840    0.0475690    0.0456250    0.0429160
    0.0862250    0.0437210    0.0449000    0.0506090    0.0430250    0.0440960
    0.0442250    0.0465610    0.0429160      1.92513    0.0433640    0.0451840
    0.0457760    0.0436000     0.136100      1.07429    0.0468890    0.0556250
    0.0464000    0.0433640     0.402404    0.0431360    0.0427040    0.0430250
    0.0456250    0.0518810    0.0429160    0.0490250    0.0451840    0.0446240
    0.0475690    0.0465610    0.0451840    0.0457760    0.0438440    0.0443560
    0.0450410    0.0462410    0.0451840    0.0532250    0.0439690    0.0472250
    0.0689000    0.0427040    0.0449000    0.0424010    0.0525440    0.0475690
    0.0454760    0.0447610      894.229    0.0462410    0.0481000    0.0440960
    0.0720410    0.0436000    0.0453290    0.0429160      9.19668      15.3359
    0.0450410     0.803876    0.0433640     0.148241    0.0473960    0.0437210
    0.0685610    0.0468890      1.14040    0.0451840      1.61252    0.0432490
     0.104009    0.0427040     0.280100     0.586121    0.0428090      228.231
    0.0446240    0.0462410    0.0444890     0.923600     0.800384    0.0449000
    0.0451840    0.0446240    0.0439690    0.0444890    0.0548840    0.0906250
     0.982841    0.0449000    0.0434810    0.0456250    0.0498010     0.208921
    0.0472250    0.0444890      2.83558    0.0460840    0.0440960    0.0446240
    0.0536890     0.197609    0.0753440     0.103504    0.0439690    0.0444890
     0.120089    0.0460840    0.0457760    0.0428090    0.0423040    0.0465610
    0.0456250    0.0421160    0.0440960    0.0553760    0.0451840    0.0439690
     0.320900    0.0738560     0.130601     0.130000    0.0532250     0.589081
     0.800384    0.0446240    0.0884000    0.0437210      829.077    0.0465610
     0.111824    0.0447610    0.0453290    0.0841000    0.0442250     0.640625
    0.0447610    0.0702760    0.0593210    0.0563840    0.0525440    0.0421160
    0.0504040      413273.    0.0429160    0.0444890      411025.    0.0453290
    0.0440960    0.0521000    0.0447610     0.659369    0.0454760    0.0450410
    0.0780250      34.5556      373.766    0.0481000    0.0546410    0.0457760
    0.0631040    0.0678890      423714.    0.0433640    0.0502010    0.0449000
    0.0682240    0.0419360    0.0424010    0.0506090    0.0556250      274.373
    0.0473960    0.0429160    0.0536890    0.0444890    0.0496040    0.0523210
    0.0442250    0.0428090    0.0425000    0.0456250    0.0437210    0.0423040
    0.0439690    0.0422090    0.0438440    0.0449000     0.144976    0.0447610
    0.0832640    0.0622010    0.0430250    0.0436000    0.0446240    0.0490250
    0.0490250    0.0541610    0.0446240    0.0421160    0.0490250    0.0437210
      8.11128    0.0444890    0.0579560    0.0518810    0.0437210    0.0431360
    0.0456250    0.0467240    0.0423040    0.0456250    0.0428090    0.0457760
    0.0460840    0.0484640    0.0481000    0.0457760    0.0430250    0.0451840
    0.0464000    0.0446240    0.0486490    0.0440960    0.0467240    0.0433640
    0.0477440    0.0436000    0.0494090    0.0453290    0.0857960    0.0450410
    0.0776360    0.0464000    0.0472250    0.0678890    0.0472250    0.0616090
    0.0482810    0.0473960    0.0523210    0.0506090    0.0475690    0.0470560
     0.172496    0.0492160    0.0479210      735800.    0.0443560    0.0481000
    0.0450410    0.0443560    0.0447610    0.0498010    0.0440960    0.0484640
    0.0454760    0.0510250    0.0498010    0.0453290    0.0662440    0.0971210
    0.0536890    0.0539240    0.0472250    0.0464000    0.0561290    0.0566410
    0.0662440    0.0539240    0.0569000    0.0470560    0.0472250    0.0604490
    0.0576890    0.0438440    0.0479210    0.0804010    0.0444890    0.0451840
    0.0459290    0.0468890    0.0548840    0.0475690    0.0682240    0.0800000
    0.0596000    0.0569000    0.0579560    0.0527690      798417.    0.0504040
    0.0788090    0.0525440    0.0529960    0.0529960    0.0695840    0.0596000
    0.0525440    0.0498010    0.0496040    0.0702760    0.0512360    0.0604490
    0.0475690    0.0456250    0.0587690    0.0484640    0.0462410    0.0465610
    0.0462410    0.0456250    0.0454760    0.0462410    0.0451840    0.0457760
    0.0465610    0.0462410    0.0449000    0.0460840    0.0473960    0.0561290
    0.0500000    0.0465610    0.0465610    0.0467240    0.0460840    0.0456250
    0.0456250     0.608516    0.0475690    0.0454760    0.0473960    0.0465610
    0.0551290    0.0556250    0.0574240    0.0508160    0.0479210    0.0514490
    0.0459290    0.0486490    0.0498010    0.0456250    0.0472250    0.0477440
    0.0488360    0.0571610    0.0462410    0.0556250    0.0486490    0.0477440
    0.0464000    0.0472250    0.0590440    0.0548840    0.0475690    0.0490250
    0.0616090    0.0472250    0.0637160    0.0473960    0.0488360    0.0482810
    0.0668960    0.0481000    0.0472250    0.0473960    0.0488360    0.0475690
     0.122944    0.0551290      3.37793    0.0496040      3.20840    0.0470560
    0.0622010    0.0541610    0.0796010     0.100516    0.0527690    0.0598810
    0.0482810    0.0521000      5.22928    0.0490250    0.0598810    0.0527690
    0.0662440    0.0619040     0.113441     0.141124    0.0518810    0.0523210
    0.0516640    0.0764810    0.0536890     0.111289    0.0598810    0.0502010
    0.0508160    0.0516640    0.0512360    0.0532250    0.0539240    0.0558760
    0.0634090    0.0514490    0.0512360    0.0616090    0.0571610    0.0527690
    0.0668960    0.0753440    0.0808040    0.0593210    0.0689000    0.0541610
    0.0541610    0.0625000    0.0546410      172393.    0.0576890    0.0716840
    0.0812090    0.0637160    0.0649640      2.21858    0.0536890    0.0800000
    0.0634090    0.0584960    0.0616090    0.0566410    0.0558760    0.0616090
    0.0772490    0.0604490    0.0579560    0.0692410    0.0634090    0.0772490
    0.0734890    0.0862250    0.0421160    0.0492160    0.0418490    0.0488360
    0.0449000    0.0424010    0.0423040    0.0417640    0.0420250    0.0431360
    0.0464000    0.0467240    0.0430250    0.0422090    0.0424010    0.0481000
    0.0438440      436289.    0.0422090    0.0418490    0.0482810    0.0459290
    0.0419360    0.0427040    0.0486490    0.0421160    0.0420250    0.0422090
    0.0419360    0.0416000    0.0421160    0.0421160    0.0419360    0.0416810
    0.0443560    0.0416000    0.0418490    0.0424010    0.0423040    0.0423040
    0.0424010    0.0416810    0.0437210    0.0423040    0.0419360    0.0459290
    0.0418490    0.0443560    0.0426010    0.0432490    0.0437210    0.0426010
    0.0488360    0.0433640    0.0438440    0.0436000    0.0428090    0.0426010
    0.0423040    0.0508160    0.0438440    0.0443560    0.0427040    0.0426010
    0.0423040    0.0724000    0.0424010    0.0424010    0.0426010    0.0425000
    0.0444890    0.0439690    0.0454760    0.0429160    0.0429160    0.0475690
    0.0473960    0.0431360    0.0422090    0.0437210    0.0440960    0.0439690
    0.0477440    0.0494090    0.0459290    0.0446240    0.0454760    0.0434810
      56.3500    0.0451840    0.0457760    0.0481000    0.0616090    0.0492160
    0.0453290    0.0464000    0.0457760    0.0494090    0.0563840    0.0486490
    0.0579560    0.0490250    0.0488360    0.0510250    0.0510250    0.0628010
    0.0459290    0.0443560    0.0437210    0.0442250    0.0473960    0.0459290
    0.0512360    0.0532250    0.0579560    0.0454760    0.0465610    0.0601640
    0.0450410    0.0486490    0.0454760    0.0475690    0.0462410    0.0475690
    0.0504040    0.0488360    0.0494090    0.0659210    0.0516640    0.0556250
    0.0510250    0.0468890    0.0479210    0.0494090     0.171769    0.0527690
      185.245    0.0933610    0.0532250    0.0569000    0.0675560    0.0713290
    0.0678890    0.0849440    0.0784160    0.0576890    0.0484640    0.0500000
    0.0525440    0.0475690    0.0462410    0.0488360    0.0467240    0.0488360
    0.0523210    0.0529960    0.0853690    0.0525440    0.0525440    0.0500000
    0.0481000    0.0494090    0.0820250    0.0561290    0.0525440    0.0546410
    0.0616090    0.0566410     0.112361    0.0544000    0.0502010    0.0504040
    0.0512360    0.0502010    0.0496040    0.0716840    0.0473960    0.0473960
    0.0472250    0.0498010    0.0598810    0.0551290    0.0506090    0.0492160
    0.0516640    0.0518810    0.0477440    0.0486490    0.0634090    0.0853690
    0.0553760    0.0788090    0.0518810    0.0516640    0.0546410    0.0619040
    0.0816160    0.0749690     0.173956    0.0808040    0.0521000    0.0532250
    0.0656000    0.0523210    0.0546410    0.0514490    0.0551290    0.0492160
    0.0521000    0.0490250    0.0447610    0.0431360    0.0436000    0.0523210
    0.0477440    0.0442250    0.0468890    0.0477440    0.0482810    0.0457760
    0.0431360    0.0443560    0.0523210    0.0470560     0.149561    0.0482810
    0.0514490    0.0561290    0.0808040    0.0534560    0.0444890    0.0479210
    0.0454760    0.0706250    0.0465610    0.0494090    0.0430250    0.0468890
    0.0468890    0.0498010    0.0434810    0.0433640    0.0473960    0.0447610
     0.470336    0.0561290    0.0532250    0.0475690    0.0808040    0.0541610
    0.0544000    0.0490250    0.0453290    0.0430250    0.0472250    0.0425000
    0.0446240    0.0430250    0.0453290    0.0472250    0.0443560    0.0433640
    0.0438440    0.0459290    0.0430250    0.0433640    0.0454760    0.0465610
    0.0506090    0.0500000    0.0587690    0.0516640    0.0453290    0.0436000
    0.0429160    0.0436000    0.0488360    0.0440960    0.0430250    0.0484640
    0.0472250    0.0426010    0.0436000    0.0425000    0.0425000    0.0423040
    0.0422090    0.0423040    0.0427040    0.0444890    0.0430250    0.0462410
    0.0514490    0.0479210    0.0675560    0.0516640    0.0449000    0.0431360
    0.0436000    0.0444890    0.0477440    0.0457760    0.0465610    0.0432490
    0.0446240    0.0460840    0.0496040    0.0532250    0.0695840    0.0494090
    0.0460840    0.0457760    0.0475690    0.0494090    0.0492160    0.0685610
    0.0656000    0.0446240    0.0443560    0.0433640    0.0430250    0.0456250
    0.0437210    0.0444890    0.0449000    0.0502010    0.0482810    0.0702760
    0.0428090    0.0539240    0.0459290    0.0467240    0.0502010    0.0450410
    0.0544000    0.0447610    0.0426010    0.0506090    0.0492160    0.0433640
    0.0425000    0.0431360    0.0486490    0.0447610    0.0500000    0.0450410
    0.0514490    0.0558760    0.0579560    0.0490250    0.0734890    0.0563840
    0.0502010    0.0468890    0.0508160    0.0444890    0.0453290    0.0470560
    0.0514490    0.0512360    0.0459290    0.0598810    0.0436000    0.0444890
    0.0432490    0.0437210    0.0456250    0.0462410    0.0492160    0.0652810
    0.0539240    0.0447610    0.0453290    0.0510250    0.0453290    0.0465610
    0.0460840    0.0467240    0.0590440    0.0502010    0.0884000    0.0853690
    0.0518810    0.0473960    0.0460840    0.0468890    0.0498010    0.0521000
    0.0457760    0.0468890    0.0443560    0.0500000    0.0610250    0.0494090
    0.0529960    0.0479210    0.0479210    0.0475690    0.0808040    0.0668960
    0.0662440    0.0548840    0.0574240    0.0479210    0.0488360    0.0462410
    0.0527690    0.0494090    0.0857960      20.6516    0.0516640    0.0582250
    0.0584960    0.0761000    0.0556250    0.0518810    0.0558760    0.0481000
    0.0553760    0.0534560    0.0702760    0.0490250    0.0447610    0.0456250
    0.0460840    0.0456250    0.0601640     0.125849      193.445    0.0444890
     0.967369    0.0516640    0.0459290    0.0464000    0.0472250    0.0512360
    0.0692410    0.0527690    0.0504040    0.0734890    0.0574240    0.0579560
    0.0551290    0.0486490    0.0604490    0.0454760    0.0481000    0.0473960
    0.0490250     0.203216      46.2800    0.0525440    0.0590440    0.0706250
    0.0604490    0.0536890    0.0544000    0.0598810    0.0571610    0.0607360
    0.0646490    0.0527690    0.0832640    0.0764810     0.107600     0.419456
      3.67284      2055.94      71.1386      1.14040     0.664100     0.860836
      1125.24      21.2092    0.0702760    0.0985640    0.0637160    0.0566410
     0.128209    0.0566410    0.0579560    0.0640250     0.100025     0.568529
    0.0780250    0.0579560    0.0792040    0.0757210    0.0749690    0.0764810
    0.0761000     0.131204    0.0659210    0.0593210     0.101504    0.0716840
      10264.1    0.0587690     0.107600     0.141761     0.101504    0.0910760
     0.196025    0.0828490    0.0901760    0.0772490     0.206464    0.0897290
    0.0652810    0.0906250    0.0656000     0.108644    0.0796010    0.0870890
    0.0659210    0.0675560    0.0649640    0.0845210  2.26354e+06     0.131204
    0.0808040     0.122369     0.166736      180.835     0.227489  3.20377e+06
     0.205649     0.106049     0.131204      6124.20    0.0824360    0.0764810
    0.0961690     0.317729    0.0836810    0.0689000     0.395216    0.0788090
    0.0910760     0.397604     0.176900     0.104009     0.103504    0.0738560
     0.114529    0.0788090     0.132416     0.100025     0.189769     0.246116
     0.789956     0.123521    0.0824360    0.0832640    0.0724000     0.101504
    0.0692410    0.0672250    0.0678890    0.0731240    0.0692410    0.0682240
    0.0672250    0.0643360    0.0672250    0.0675560    0.0942890    0.0720410
    0.0906250    0.0820250     0.119524    0.0828490    0.0884000     0.100516
    0.0910760     0.107081    0.0897290    0.0961690    0.0897290    0.0845210
    0.0727610     0.121796    0.0812090    0.0884000     0.329444     0.121796
     0.144329     0.163904     0.110225    0.0836810     0.136100     0.115625
      1.00826     0.162500     0.245209     0.199201     0.412100     0.259961
     0.125849     0.154244     0.143684     0.185924    0.0409000    0.0411560
    0.0406760    0.0412960    0.0410890    0.0407290    0.0410890    0.0409000
    0.0407290    0.0416000    0.0410240    0.0407840    0.0406760    0.0419360
    0.0410240    0.0420250    0.0410890    0.0414440    0.0412960    0.0415210
    0.0416000    0.0416000    0.0416000    0.0416810    0.0419360    0.0439690
    0.0425000    0.0433640    0.0427040    0.0424010    0.0425000    0.0582250
    0.0631040    0.0506090    0.0745960    0.0443560    0.0440960    0.0431360
    0.0464000    0.0432490    0.0430250    0.0446240    0.0427040    0.0421160
    0.0417640    0.0415210    0.0415210    0.0416000    0.0421160    0.0429160
    0.0439690    0.0451840    0.0454760    0.0473960    0.0488360    0.0500000
    0.0613160      1050.90    0.0556250    0.0525440    0.0534560    0.0576890
    0.0716840    0.0553760    0.0536890    0.0558760    0.0587690    0.0596000
    0.0816160    0.0616090    0.0561290    0.0584960    0.0640250    0.0628010
    0.0631040    0.0689000    0.0768640    0.0853690    0.0808040     0.108121
    0.0952250    0.0897290     0.109169     0.115625     0.210569     0.139225
     0.130601     0.121225     0.144976     0.133636     0.238916     0.305225
     0.179129     0.179129     0.198404     0.210569     0.197609     0.198404
     0.438161     0.189769     0.350249     0.214724     0.188996     0.204025
     0.198404     0.179876     0.164609     0.155600     0.150889     0.170321
     0.168164     0.179876     0.187456     0.386921     0.465104     0.208100
     0.206464     0.225761     0.299081     0.202409  2.33287e+06     0.186689
     0.191321     0.203216     0.218084     0.181376     0.196025     0.194449
     0.394025     0.221476     0.212225     0.204836     0.224900     0.204025
     0.220625     0.192100     0.221476     0.183641     0.216400     0.194449
     0.204025     0.424400     0.233600     0.292004     0.572900      3.61966
      450.456      4207.38  1.52763e+06  1.61500e+06  3.23599e+07  9.85234e+06
      484022.      252.024      1.03401     0.259961     0.185161     0.385744
     0.401201     0.192881     0.152896     0.184400     0.156964     0.153569
     0.142400     0.136100     0.146929     0.118961     0.118961     0.130000
     0.139856     0.127025     0.110225     0.117284     0.110756     0.101504
    0.0897290    0.0990490     0.107081     0.110225     0.100516    0.0961690
    0.0933610    0.0910760    0.0853690    0.0961690    0.0915290    0.0906250
    0.0929000    0.0870890     0.108121    0.0804010    0.0788090    0.0866560
    0.0804010    0.0836810    0.0836810    0.0924410    0.0792040    0.0879610
    0.0875240    0.0862250    0.0980810     0.113984     0.119524    0.0990490
     0.100516     0.143041    0.0875240    0.0879610    0.0841000    0.0906250
    0.0772490    0.0784160    0.0792040    0.0933610    0.0828490    0.0824360
    0.0990490    0.0870890     0.141124    0.0924410    0.0901760     0.154244
     0.100025     0.107600     0.185924     0.110225     0.124100     0.121225
     0.144329     0.144329     0.168881     0.227489     0.423161     0.354721
     0.325156     0.689636     0.327296     0.313529     0.333764     0.230969
     0.202409     0.101504    0.0593210    0.0523210    0.0477440    0.0444890
    0.0436000    0.0432490    0.0424010    0.0422090    0.0424010    0.0428090
    0.0428090    0.0420250    0.0421160    0.0424010    0.0450410    0.0423040
    0.0417640    0.0420250    0.0416000    0.0418490    0.0437210    0.0418490
    0.0432490    0.0417640    0.0421160    0.0418490    0.0418490    0.0417640
    0.0419360    0.0416000    0.0427040    0.0419360    0.0419360    0.0437210
    0.0434810    0.0421160    0.0416810    0.0416810    0.0420250    0.0418490
    0.0418490    0.0417640      383.064    0.0420250    0.0419360    0.0449000
    0.0419360    0.0417640    0.0420250    0.0419360    0.0420250    0.0419360
    0.0438440    0.0416000    0.0416810    0.0418490    0.0417640    0.0416810
    0.0418490    0.0426010    0.0420250    0.0416810    0.0424010    0.0432490
    0.0416810    0.0419360    0.0422090    0.0417640    0.0422090    0.0419360
    0.0419360    0.0421160    0.0417640    0.0416810    0.0419360    0.0434810
    0.0423040    0.0438440    0.0421160    0.0417640    0.0420250    0.0446240
    0.0421160    0.0420250    0.0422090    0.0421160    0.0421160    0.0422090
    0.0424010    0.0423040    0.0428090    0.0426010    0.0420250    0.0424010
    0.0444890    0.0427040    0.0426010    0.0425000    0.0429160    0.0426010
    0.0426010    0.0430250    0.0425000    0.0430250    0.0428090    0.0432490
    0.0433640    0.0447610    0.0429160    0.0427040    0.0429160    0.0433640
    0.0430250    0.0429160    0.0429160    0.0432490    0.0430250    0.0432490
    0.0436000    0.0439690    0.0443560    0.0440960    0.0440960    0.0488360
    0.0442250    0.0440960    0.0444890    0.0449000    0.0444890    0.0484640
    0.0506090    0.0451840    0.0508160    0.0536890  3.60357e+06    0.0462410
    0.0449000    0.0460840    0.0472250    0.0465610    0.0457760    0.0457760
    0.0465610    0.0457760    0.0454760    0.0490250    0.0613160     0.252521
      80.0172      3565.92      44943.2      12505.7      4625.26      216.454
      7.89681     0.212225    0.0738560    0.0482810    0.0456250    0.0439690
    0.0449000    0.0434810    0.0438440    0.0442250    0.0438440    0.0436000
    0.0433640    0.0438440    0.0443560    0.0440960    0.0472250    0.0432490
    0.0434810    0.0431360    0.0457760    0.0430250    0.0436000    0.0431360
    0.0439690    0.0494090    0.0442250    0.0434810    0.0438440    0.0437210
    0.0436000    0.0439690    0.0443560    0.0433640    0.0442250    0.0429160
    0.0438440    0.0433640    0.0434810    0.0434810    0.0462410    0.0432490
    0.0432490    0.0436000    0.0459290    0.0468890    0.0431360    0.0431360
    0.0434810    0.0427040    0.0434810    0.0424010    0.0430250    0.0451840
    0.0431360    0.0433640    0.0431360    0.0427040    0.0427040    0.0430250
    0.0430250    0.0430250    0.0432490    0.0428090    0.0447610    0.0430250
    0.0428090    0.0424010    0.0429160    0.0426010    0.0424010    0.0427040
    0.0428090    0.0428090    0.0429160    0.0429160    0.0430250    0.0430250
    0.0429160    0.0429160    0.0426010    0.0431360    0.0428090    0.0427040
    0.0453290    0.0426010    0.0425000    0.0430250    0.0428090    0.0429160
    0.0431360    0.0475690    0.0430250    0.0473960    0.0456250    0.0434810
      17783.0    0.0431360    0.0447610    0.0472250    0.0430250    0.0468890
    0.0430250    0.0462410    0.0431360    0.0475690    0.0459290    0.0437210
    0.0437210    0.0432490    0.0432490    0.0431360    0.0558760    0.0433640
    0.0433640    0.0465610
