399
          27    1023    3
          28    1023    3
          31    1023    3
          32    1023    3
          33    1023    3
          37    1023    3
          49    1023    3
          51    1023    3
          53    1023    3
          59    1023    3
          61    1023    3
          63    1023    3
          64    1023    3
          65    1023    3
          67    1023    3
          69    1023    3
          71    1023    3
          73    1023    3
          75    1023    3
          79    1023    3
          80    1023    3
          81    1023    3
          83    1023    3
          85    1023    3
          87    1023    3
          88    1023    3
          89    1023    3
          93    1023    3
          95    1023    3
          96    1023    3
          99    1023    3
         101    1023    3
         102    1023    3
         104    1023    3
         106    1023    3
         107    1023    3
         111    1023    3
         113    1023    3
         116    1023    3
         120    1023    3
         123    1023    3
         124    1023    3
         125    1023    3
         126    1023    3
         130    1023    3
         132    1023    3
         133    1023    3
         136    1023    3
         137    1023    3
         138    1023    3
         142    1023    3
         143    1023    3
         144    1023    3
         145    1023    3
         147    1023    3
         148    1023    3
         150    1023    3
         151    1023    3
         153    1023    3
         154    1023    3
         155    1023    3
         157    1023    3
         158    1023    3
         159    1023    3
         160    1023    3
         161    1023    3
         162    1023    3
         163    1023    3
         164    1023    3
         165    1023    3
         166    1023    3
         168    1023    3
         170    1023    3
         171    1023    3
         173    1023    3
         175    1023    3
         181    1023    3
         183    1023    3
         198    1023    3
         208    1023    3
         211    1023    3
         216    1023    3
         224    1023    3
         228    1023    3
         236    1023    3
         238    1023    3
         242    1023    3
         248    1023    3
         266    1023    3
         268    1023    3
         279    1023    3
         283    1023    3
         311    1023    3
         317    1023    3
         330    1023    3
         333    1023    3
         334    1023    3
         338    1023    3
         340    1023    3
         341    1023    3
         342    1023    3
         349    1023    3
         352    1023    3
         358    1023    3
         361    1023    3
         364    1023    3
         366    1023    3
         367    1023    3
         368    1023    3
         378    1023    3
         390    1023    3
         391    1023    3
         392    1023    3
         394    1023    3
         395    1023    3
         396    1023    3
         397    1023    3
         398    1023    3
         399    1023    3
         404    1023    3
         427    1023    3
         447    1023    3
         464    1023    3
         473    1023    3
         482    1023    3
         484    1023    3
         501    1023    3
         529    1023    3
         556    1023    3
         557    1023    3
         558    1023    3
         560    1023    3
         561    1023    3
         562    1023    3
         564    1023    3
         565    1023    3
         566    1023    3
         569    1023    3
         573    1023    3
         574    1023    3
         577    1023    3
         580    1023    3
         581    1023    3
         584    1023    3
         585    1023    3
         587    1023    3
         590    1023    3
         591    1023    3
         594    1023    3
         597    1023    3
         598    1023    3
         601    1023    3
         604    1023    3
         607    1023    3
         611    1023    3
         614    1023    3
         616    1023    3
         617    1023    3
         619    1023    3
         622    1023    3
         626    1023    3
         628    1023    3
         634    1023    3
         637    1023    3
         638    1023    3
         640    1023    3
         641    1023    3
         642    1023    3
         644    1023    3
         646    1023    3
         647    1023    3
         650    1023    3
         651    1023    3
         652    1023    3
         654    1023    3
         655    1023    3
         657    1023    3
         659    1023    3
         663    1023    3
         667    1023    3
         670    1023    3
         707    1023    3
         710    1023    3
         713    1023    3
         716    1023    3
         730    1023    3
         735    1023    3
         736    1023    3
         739    1023    3
         743    1023    3
         744    1023    3
         746    1023    3
         748    1023    3
         751    1023    3
         754    1023    3
         755    1023    3
         756    1023    3
         757    1023    3
         758    1023    3
         760    1023    3
         761    1023    3
         762    1023    3
         763    1023    3
         766    1023    3
         767    1023    3
         768    1023    3
         771    1023    3
         772    1023    3
         773    1023    3
         776    1023    3
         777    1023    3
         778    1023    3
         779    1023    3
         780    1023    3
         782    1023    3
         783    1023    3
         784    1023    3
         785    1023    3
         786    1023    3
         787    1023    3
         788    1023    3
         789    1023    3
         790    1023    3
         791    1023    3
         792    1023    3
         794    1023    3
         796    1023    3
         798    1023    3
         800    1023    3
         802    1023    3
         803    1023    3
         804    1023    3
         806    1023    3
         807    1023    3
         808    1023    3
         809    1023    3
         811    1023    3
         812    1023    3
         814    1023    3
         816    1023    3
         819    1023    3
         820    1023    3
         821    1023    3
         822    1023    3
         823    1023    3
         824    1023    3
         825    1023    3
         826    1023    3
         827    1023    3
         828    1023    3
         829    1023    3
         830    1023    3
         831    1023    3
         832    1023    3
         833    1023    3
         834    1023    3
         835    1023    3
         836    1023    3
         838    1023    3
         839    1023    3
         840    1023    3
         842    1023    3
         843    1023    3
         844    1023    3
         845    1023    3
         846    1023    3
         847    1023    3
         848    1023    3
         849    1023    3
         850    1023    3
         851    1023    3
         852    1023    3
         853    1023    3
         854    1023    3
         856    1023    3
         861    1023    3
         862    1023    3
         864    1023    3
         865    1023    3
         866    1023    3
         867    1023    3
         869    1023    3
         871    1023    3
         872    1023    3
         874    1023    3
         876    1023    3
         878    1023    3
         879    1023    3
         880    1023    3
         884    1023    3
         886    1023    3
         887    1023    3
         888    1023    3
         889    1023    3
         890    1023    3
         900    1023    3
         921    1023    3
         924    1023    3
         927    1023    3
         945    1023    3
         991    1023    3
         994    1023    3
        1007    1023    3
        1015    1023    3
        1030    1023    3
        1094    1023    3
        1106    1023    3
        1130    1023    3
        1132    1023    3
        1133    1023    3
        1135    1023    3
        1142    1023    3
        1147    1023    3
        1148    1023    3
        1149    1023    3
        1150    1023    3
        1151    1023    3
        1152    1023    3
        1153    1023    3
        1154    1023    3
        1155    1023    3
        1156    1023    3
        1157    1023    3
        1158    1023    3
        1159    1023    3
        1160    1023    3
        1161    1023    3
        1162    1023    3
        1163    1023    3
        1164    1023    3
        1165    1023    3
        1166    1023    3
        1167    1023    3
        1168    1023    3
        1169    1023    3
        1170    1023    3
        1171    1023    3
        1172    1023    3
        1173    1023    3
        1174    1023    3
        1175    1023    3
        1177    1023    3
        1178    1023    3
        1179    1023    3
        1180    1023    3
        1181    1023    3
        1187    1023    3
        1189    1023    3
        1190    1023    3
        1192    1023    3
        1193    1023    3
        1194    1023    3
        1196    1023    3
        1197    1023    3
        1198    1023    3
        1199    1023    3
        1200    1023    3
        1202    1023    3
        1203    1023    3
        1204    1023    3
        1206    1023    3
        1207    1023    3
        1208    1023    3
        1210    1023    3
        1212    1023    3
        1214    1023    3
        1215    1023    3
        1217    1023    3
        1218    1023    3
        1220    1023    3
        1222    1023    3
        1224    1023    3
        1226    1023    3
        1228    1023    3
        1229    1023    3
        1231    1023    3
        1232    1023    3
        1234    1023    3
        1235    1023    3
        1236    1023    3
        1237    1023    3
        1238    1023    3
        1239    1023    3
        1241    1023    3
        1242    1023    3
        1243    1023    3
        1244    1023    3
        1245    1023    3
        1247    1023    3
        1250    1023    3
        1270    1023    3
        1271    1023    3
        1282    1023    3
        1285    1023    3
        1288    1023    3
        1290    1023    3
        1293    1023    3
        1298    1023    3
        1301    1023    3
           1    1023    3
           2    1023    3
           3    1023    3
           4    1023    3
           5    1023    3
           6    1023    3
           7    1023    3
           8    1023    3
           9    1023    3
          10    1023    3
          11    1023    3
          12    1023    3
          13    1023    3
          14    1023    3
          15    1023    3
          16    1023    3
          17    1023    3
          18    1023    3
          19    1023    3
          20    1023    3
          21    1023    3
          22    1023    3
          23    1023    3
          24    1023    3
          25    1023    3
          26    1023    3
          29    1023    3
          30    1023    3
          34    1023    3
          35    1023    3
          36    1023    3
          38    1023    3
          39    1023    3
          40    1023    3
          41    1023    3
          42    1023    3
          43    1023    3
          44    1023    3
          45    1023    3
          46    1023    3
          47    1023    3
          48    1023    3
          50    1023    3
          52    1023    3
          54    1023    3
          55    1023    3
          56    1023    3
          57    1023    3
          58    1023    3
          60    1023    3
          62    1023    3
          66    1023    3
          68    1023    3
          70    1023    3
          72    1023    3
          74    1023    3
          76    1023    3
          77    1023    3
          78    1023    3
          82    1023    3
          84    1023    3
          86    1023    3
          90    1023    3
          91    1023    3
          92    1023    3
          94    1023    3
          97    1023    3
          98    1023    3
         100    1023    3
         103    1023    3
         105    1023    3
         108    1023    3
         109    1023    3
         110    1023    3
         112    1023    3
         114    1023    3
         115    1023    3
         117    1023    3
         118    1023    3
         119    1023    3
         121    1023    3
         122    1023    3
         127    1023    3
         128    1023    3
         129    1023    3
         131    1023    3
         134    1023    3
         135    1023    3
         139    1023    3
         140    1023    3
         141    1023    3
         146    1023    3
         149    1023    3
         152    1023    3
         156    1023    3
         167    1023    3
         169    1023    3
         172    1023    3
         174    1023    3
         176    1023    3
         177    1023    3
         178    1023    3
         179    1023    3
         180    1023    3
         182    1023    3
         184    1023    3
         185    1023    3
         186    1023    3
         187    1023    3
         188    1023    3
         189    1023    3
         190    1023    3
         191    1023    3
         192    1023    3
         193    1023    3
         194    1023    3
         195    1023    3
         196    1023    3
         197    1023    3
         199    1023    3
         200    1023    3
         201    1023    3
         202    1023    3
         203    1023    3
         204    1023    3
         205    1023    3
         206    1023    3
         207    1023    3
         209    1023    3
         210    1023    3
         212    1023    3
         213    1023    3
         214    1023    3
         215    1023    3
         217    1023    3
         218    1023    3
         219    1023    3
         220    1023    3
         221    1023    3
         222    1023    3
         223    1023    3
         225    1023    3
         226    1023    3
         227    1023    3
         229    1023    3
         230    1023    3
         231    1023    3
         232    1023    3
         233    1023    3
         234    1023    3
         235    1023    3
         237    1023    3
         239    1023    3
         240    1023    3
         241    1023    3
         243    1023    3
         244    1023    3
         245    1023    3
         246    1023    3
         247    1023    3
         249    1023    3
         250    1023    3
         251    1023    3
         252    1023    3
         253    1023    3
         254    1023    3
         255    1023    3
         256    1023    3
         257    1023    3
         258    1023    3
         259    1023    3
         260    1023    3
         261    1023    3
         262    1023    3
         263    1023    3
         264    1023    3
         265    1023    3
         267    1023    3
         269    1023    3
         270    1023    3
         271    1023    3
         272    1023    3
         273    1023    3
         274    1023    3
         275    1023    3
         276    1023    3
         277    1023    3
         278    1023    3
         280    1023    3
         281    1023    3
         282    1023    3
         284    1023    3
         285    1023    3
         286    1023    3
         287    1023    3
         288    1023    3
         289    1023    3
         290    1023    3
         291    1023    3
         292    1023    3
         293    1023    3
         294    1023    3
         295    1023    3
         296    1023    3
         297    1023    3
         298    1023    3
         299    1023    3
         300    1023    3
         301    1023    3
         302    1023    3
         303    1023    3
         304    1023    3
         305    1023    3
         306    1023    3
         307    1023    3
         308    1023    3
         309    1023    3
         310    1023    3
         312    1023    3
         313    1023    3
         314    1023    3
         315    1023    3
         316    1023    3
         318    1023    3
         319    1023    3
         320    1023    3
         321    1023    3
         322    1023    3
         323    1023    3
         324    1023    3
         325    1023    3
         326    1023    3
         327    1023    3
         328    1023    3
         329    1023    3
         331    1023    3
         332    1023    3
         335    1023    3
         336    1023    3
         337    1023    3
         339    1023    3
         343    1023    3
         344    1023    3
         345    1023    3
         346    1023    3
         347    1023    3
         348    1023    3
         350    1023    3
         351    1023    3
         353    1023    3
         354    1023    3
         355    1023    3
         356    1023    3
         357    1023    3
         359    1023    3
         360    1023    3
         362    1023    3
         363    1023    3
         365    1023    3
         369    1023    3
         370    1023    3
         371    1023    3
         372    1023    3
         373    1023    3
         374    1023    3
         375    1023    3
         376    1023    3
         377    1023    3
         379    1023    3
         380    1023    3
         381    1023    3
         382    1023    3
         383    1023    3
         384    1023    3
         385    1023    3
         386    1023    3
         387    1023    3
         388    1023    3
         389    1023    3
         393    1023    3
         400    1023    3
         401    1023    3
         402    1023    3
         403    1023    3
         405    1023    3
         406    1023    3
         407    1023    3
         408    1023    3
         409    1023    3
         410    1023    3
         411    1023    3
         412    1023    3
         413    1023    3
         414    1023    3
         415    1023    3
         416    1023    3
         417    1023    3
         418    1023    3
         419    1023    3
         420    1023    3
         421    1023    3
         422    1023    3
         423    1023    3
         424    1023    3
         425    1023    3
         426    1023    3
         428    1023    3
         429    1023    3
         430    1023    3
         431    1023    3
         432    1023    3
         433    1023    3
         434    1023    3
         435    1023    3
         436    1023    3
         437    1023    3
         438    1023    3
         439    1023    3
         440    1023    3
         441    1023    3
         442    1023    3
         443    1023    3
         444    1023    3
         445    1023    3
         446    1023    3
         448    1023    3
         449    1023    3
         450    1023    3
         451    1023    3
         452    1023    3
         453    1023    3
         454    1023    3
         455    1023    3
         456    1023    3
         457    1023    3
         458    1023    3
         459    1023    3
         460    1023    3
         461    1023    3
         462    1023    3
         463    1023    3
         465    1023    3
         466    1023    3
         467    1023    3
         468    1023    3
         469    1023    3
         470    1023    3
         471    1023    3
         472    1023    3
         474    1023    3
         475    1023    3
         476    1023    3
         477    1023    3
         478    1023    3
         479    1023    3
         480    1023    3
         481    1023    3
         483    1023    3
         485    1023    3
         486    1023    3
         487    1023    3
         488    1023    3
         489    1023    3
         490    1023    3
         491    1023    3
         492    1023    3
         493    1023    3
         494    1023    3
         495    1023    3
         496    1023    3
         497    1023    3
         498    1023    3
         499    1023    3
         500    1023    3
         502    1023    3
         503    1023    3
         504    1023    3
         505    1023    3
         506    1023    3
         507    1023    3
         508    1023    3
         509    1023    3
         510    1023    3
         511    1023    3
         512    1023    3
         513    1023    3
         514    1023    3
         515    1023    3
         516    1023    3
         517    1023    3
         518    1023    3
         519    1023    3
         520    1023    3
         521    1023    3
         522    1023    3
         523    1023    3
         524    1023    3
         525    1023    3
         526    1023    3
         527    1023    3
         528    1023    3
         530    1023    3
         531    1023    3
         532    1023    3
         533    1023    3
         534    1023    3
         535    1023    3
         536    1023    3
         537    1023    3
         538    1023    3
         539    1023    3
         540    1023    3
         541    1023    3
         542    1023    3
         543    1023    3
         544    1023    3
         545    1023    3
         546    1023    3
         547    1023    3
         548    1023    3
         549    1023    3
         550    1023    3
         551    1023    3
         552    1023    3
         553    1023    3
         554    1023    3
         555    1023    3
         559    1023    3
         563    1023    3
         567    1023    3
         568    1023    3
         570    1023    3
         571    1023    3
         572    1023    3
         575    1023    3
         576    1023    3
         578    1023    3
         579    1023    3
         582    1023    3
         583    1023    3
         586    1023    3
         588    1023    3
         589    1023    3
         592    1023    3
         593    1023    3
         595    1023    3
         596    1023    3
         599    1023    3
         600    1023    3
         602    1023    3
         603    1023    3
         605    1023    3
         606    1023    3
         608    1023    3
         609    1023    3
         610    1023    3
         612    1023    3
         613    1023    3
         615    1023    3
         618    1023    3
         620    1023    3
         621    1023    3
         623    1023    3
         624    1023    3
         625    1023    3
         627    1023    3
         629    1023    3
         630    1023    3
         631    1023    3
         632    1023    3
         633    1023    3
         635    1023    3
         636    1023    3
         639    1023    3
         643    1023    3
         645    1023    3
         648    1023    3
         649    1023    3
         653    1023    3
         656    1023    3
         658    1023    3
         660    1023    3
         661    1023    3
         662    1023    3
         664    1023    3
         665    1023    3
         666    1023    3
         668    1023    3
         669    1023    3
         671    1023    3
         672    1023    3
         673    1023    3
         674    1023    3
         675    1023    3
         676    1023    3
         677    1023    3
         678    1023    3
         679    1023    3
         680    1023    3
         681    1023    3
         682    1023    3
         683    1023    3
         684    1023    3
         685    1023    3
         686    1023    3
         687    1023    3
         688    1023    3
         689    1023    3
         690    1023    3
         691    1023    3
         692    1023    3
         693    1023    3
         694    1023    3
         695    1023    3
         696    1023    3
         697    1023    3
         698    1023    3
         699    1023    3
         700    1023    3
         701    1023    3
         702    1023    3
         703    1023    3
         704    1023    3
         705    1023    3
         706    1023    3
         708    1023    3
         709    1023    3
         711    1023    3
         712    1023    3
         714    1023    3
         715    1023    3
         717    1023    3
         718    1023    3
         719    1023    3
         720    1023    3
         721    1023    3
         722    1023    3
         723    1023    3
         724    1023    3
         725    1023    3
         726    1023    3
         727    1023    3
         728    1023    3
         729    1023    3
         731    1023    3
         732    1023    3
         733    1023    3
         734    1023    3
         737    1023    3
         738    1023    3
         740    1023    3
         741    1023    3
         742    1023    3
         745    1023    3
         747    1023    3
         749    1023    3
         750    1023    3
         752    1023    3
         753    1023    3
         759    1023    3
         764    1023    3
         765    1023    3
         769    1023    3
         770    1023    3
         774    1023    3
         775    1023    3
         781    1023    3
         793    1023    3
         795    1023    3
         797    1023    3
         799    1023    3
         801    1023    3
         805    1023    3
         810    1023    3
         813    1023    3
         815    1023    3
         817    1023    3
         818    1023    3
         837    1023    3
         841    1023    3
         855    1023    3
         857    1023    3
         858    1023    3
         859    1023    3
         860    1023    3
         863    1023    3
         868    1023    3
         870    1023    3
         873    1023    3
         875    1023    3
         877    1023    3
         881    1023    3
         882    1023    3
         883    1023    3
         885    1023    3
         891    1023    3
         892    1023    3
         893    1023    3
         894    1023    3
         895    1023    3
         896    1023    3
         897    1023    3
         898    1023    3
         899    1023    3
         901    1023    3
         902    1023    3
         903    1023    3
         904    1023    3
         905    1023    3
         906    1023    3
         907    1023    3
         908    1023    3
         909    1023    3
         910    1023    3
         911    1023    3
         912    1023    3
         913    1023    3
         914    1023    3
         915    1023    3
         916    1023    3
         917    1023    3
         918    1023    3
         919    1023    3
         920    1023    3
         922    1023    3
         923    1023    3
         925    1023    3
         926    1023    3
         928    1023    3
         929    1023    3
         930    1023    3
         931    1023    3
         932    1023    3
         933    1023    3
         934    1023    3
         935    1023    3
         936    1023    3
         937    1023    3
         938    1023    3
         939    1023    3
         940    1023    3
         941    1023    3
         942    1023    3
         943    1023    3
         944    1023    3
         946    1023    3
         947    1023    3
         948    1023    3
         949    1023    3
         950    1023    3
         951    1023    3
         952    1023    3
         953    1023    3
         954    1023    3
         955    1023    3
         956    1023    3
         957    1023    3
         958    1023    3
         959    1023    3
         960    1023    3
         961    1023    3
         962    1023    3
         963    1023    3
         964    1023    3
         965    1023    3
         966    1023    3
         967    1023    3
         968    1023    3
         969    1023    3
         970    1023    3
         971    1023    3
         972    1023    3
         973    1023    3
         974    1023    3
         975    1023    3
         976    1023    3
         977    1023    3
         978    1023    3
         979    1023    3
         980    1023    3
         981    1023    3
         982    1023    3
         983    1023    3
         984    1023    3
         985    1023    3
         986    1023    3
         987    1023    3
         988    1023    3
         989    1023    3
         990    1023    3
         992    1023    3
         993    1023    3
         995    1023    3
         996    1023    3
         997    1023    3
         998    1023    3
         999    1023    3
        1000    1023    3
        1001    1023    3
        1002    1023    3
        1003    1023    3
        1004    1023    3
        1005    1023    3
        1006    1023    3
        1008    1023    3
        1009    1023    3
        1010    1023    3
        1011    1023    3
        1012    1023    3
        1013    1023    3
        1014    1023    3
        1016    1023    3
        1017    1023    3
        1018    1023    3
        1019    1023    3
        1020    1023    3
        1021    1023    3
        1022    1023    3
        1023    1023    3
        1024    1023    3
        1025    1023    3
        1026    1023    3
        1027    1023    3
        1028    1023    3
        1029    1023    3
        1031    1023    3
        1032    1023    3
        1033    1023    3
        1034    1023    3
        1035    1023    3
        1036    1023    3
        1037    1023    3
        1038    1023    3
        1039    1023    3
        1040    1023    3
        1041    1023    3
        1042    1023    3
        1043    1023    3
        1044    1023    3
        1045    1023    3
        1046    1023    3
        1047    1023    3
        1048    1023    3
        1049    1023    3
        1050    1023    3
        1051    1023    3
        1052    1023    3
        1053    1023    3
        1054    1023    3
        1055    1023    3
        1056    1023    3
        1057    1023    3
        1058    1023    3
        1059    1023    3
        1060    1023    3
        1061    1023    3
        1062    1023    3
        1063    1023    3
        1064    1023    3
        1065    1023    3
        1066    1023    3
        1067    1023    3
        1068    1023    3
        1069    1023    3
        1070    1023    3
        1071    1023    3
        1072    1023    3
        1073    1023    3
        1074    1023    3
        1075    1023    3
        1076    1023    3
        1077    1023    3
        1078    1023    3
        1079    1023    3
        1080    1023    3
        1081    1023    3
        1082    1023    3
        1083    1023    3
        1084    1023    3
        1085    1023    3
        1086    1023    3
        1087    1023    3
        1088    1023    3
        1089    1023    3
        1090    1023    3
        1091    1023    3
        1092    1023    3
        1093    1023    3
        1095    1023    3
        1096    1023    3
        1097    1023    3
        1098    1023    3
        1099    1023    3
        1100    1023    3
        1101    1023    3
        1102    1023    3
        1103    1023    3
        1104    1023    3
        1105    1023    3
        1107    1023    3
        1108    1023    3
        1109    1023    3
        1110    1023    3
        1111    1023    3
        1112    1023    3
        1113    1023    3
        1114    1023    3
        1115    1023    3
        1116    1023    3
        1117    1023    3
        1118    1023    3
        1119    1023    3
        1120    1023    3
        1121    1023    3
        1122    1023    3
        1123    1023    3
        1124    1023    3
        1125    1023    3
        1126    1023    3
        1127    1023    3
        1128    1023    3
        1129    1023    3
        1131    1023    3
        1134    1023    3
        1136    1023    3
        1137    1023    3
        1138    1023    3
        1139    1023    3
        1140    1023    3
        1141    1023    3
        1143    1023    3
        1144    1023    3
        1145    1023    3
        1146    1023    3
        1176    1023    3
        1182    1023    3
        1183    1023    3
        1184    1023    3
        1185    1023    3
        1186    1023    3
        1188    1023    3
        1191    1023    3
        1195    1023    3
        1201    1023    3
        1205    1023    3
        1209    1023    3
        1211    1023    3
        1213    1023    3
        1216    1023    3
        1219    1023    3
        1221    1023    3
        1223    1023    3
        1225    1023    3
        1227    1023    3
        1230    1023    3
        1233    1023    3
        1240    1023    3
        1246    1023    3
        1248    1023    3
        1249    1023    3
        1251    1023    3
        1252    1023    3
        1253    1023    3
        1254    1023    3
        1255    1023    3
        1256    1023    3
        1257    1023    3
        1258    1023    3
        1259    1023    3
        1260    1023    3
        1261    1023    3
        1262    1023    3
        1263    1023    3
        1264    1023    3
        1265    1023    3
        1266    1023    3
        1267    1023    3
        1268    1023    3
        1269    1023    3
        1272    1023    3
        1273    1023    3
        1274    1023    3
        1275    1023    3
        1276    1023    3
        1277    1023    3
        1278    1023    3
        1279    1023    3
        1280    1023    3
        1281    1023    3
        1283    1023    3
        1284    1023    3
        1286    1023    3
        1287    1023    3
        1289    1023    3
        1291    1023    3
        1292    1023    3
        1294    1023    3
        1295    1023    3
        1296    1023    3
        1297    1023    3
        1299    1023    3
        1300    1023    3
        1302    1023    3
        1303    1023    3
        1304    1023    3
        1305    1023    3
