CrIS on Suomi-NPP
  2  1305     1     0
       1       2       3       4       5       6       7       8       9      10
      11      12      13      14      15      16      17      18      19      20
      21      22      23      24      25      26      27      28      29      30
      31      32      33      34      35      36      37      38      39      40
      41      42      43      44      45      46      47      48      49      50
      51      52      53      54      55      56      57      58      59      60
      61      62      63      64      65      66      67      68      69      70
      71      72      73      74      75      76      77      78      79      80
      81      82      83      84      85      86      87      88      89      90
      91      92      93      94      95      96      97      98      99     100
     101     102     103     104     105     106     107     108     109     110
     111     112     113     114     115     116     117     118     119     120
     121     122     123     124     125     126     127     128     129     130
     131     132     133     134     135     136     137     138     139     140
     141     142     143     144     145     146     147     148     149     150
     151     152     153     154     155     156     157     158     159     160
     161     162     163     164     165     166     167     168     169     170
     171     172     173     174     175     176     177     178     179     180
     181     182     183     184     185     186     187     188     189     190
     191     192     193     194     195     196     197     198     199     200
     201     202     203     204     205     206     207     208     209     210
     211     212     213     214     215     216     217     218     219     220
     221     222     223     224     225     226     227     228     229     230
     231     232     233     234     235     236     237     238     239     240
     241     242     243     244     245     246     247     248     249     250
     251     252     253     254     255     256     257     258     259     260
     261     262     263     264     265     266     267     268     269     270
     271     272     273     274     275     276     277     278     279     280
     281     282     283     284     285     286     287     288     289     290
     291     292     293     294     295     296     297     298     299     300
     301     302     303     304     305     306     307     308     309     310
     311     312     313     314     315     316     317     318     319     320
     321     322     323     324     325     326     327     328     329     330
     331     332     333     334     335     336     337     338     339     340
     341     342     343     344     345     346     347     348     349     350
     351     352     353     354     355     356     357     358     359     360
     361     362     363     364     365     366     367     368     369     370
     371     372     373     374     375     376     377     378     379     380
     381     382     383     384     385     386     387     388     389     390
     391     392     393     394     395     396     397     398     399     400
     401     402     403     404     405     406     407     408     409     410
     411     412     413     414     415     416     417     418     419     420
     421     422     423     424     425     426     427     428     429     430
     431     432     433     434     435     436     437     438     439     440
     441     442     443     444     445     446     447     448     449     450
     451     452     453     454     455     456     457     458     459     460
     461     462     463     464     465     466     467     468     469     470
     471     472     473     474     475     476     477     478     479     480
     481     482     483     484     485     486     487     488     489     490
     491     492     493     494     495     496     497     498     499     500
     501     502     503     504     505     506     507     508     509     510
     511     512     513     514     515     516     517     518     519     520
     521     522     523     524     525     526     527     528     529     530
     531     532     533     534     535     536     537     538     539     540
     541     542     543     544     545     546     547     548     549     550
     551     552     553     554     555     556     557     558     559     560
     561     562     563     564     565     566     567     568     569     570
     571     572     573     574     575     576     577     578     579     580
     581     582     583     584     585     586     587     588     589     590
     591     592     593     594     595     596     597     598     599     600
     601     602     603     604     605     606     607     608     609     610
     611     612     613     614     615     616     617     618     619     620
     621     622     623     624     625     626     627     628     629     630
     631     632     633     634     635     636     637     638     639     640
     641     642     643     644     645     646     647     648     649     650
     651     652     653     654     655     656     657     658     659     660
     661     662     663     664     665     666     667     668     669     670
     671     672     673     674     675     676     677     678     679     680
     681     682     683     684     685     686     687     688     689     690
     691     692     693     694     695     696     697     698     699     700
     701     702     703     704     705     706     707     708     709     710
     711     712     713     714     715     716     717     718     719     720
     721     722     723     724     725     726     727     728     729     730
     731     732     733     734     735     736     737     738     739     740
     741     742     743     744     745     746     747     748     749     750
     751     752     753     754     755     756     757     758     759     760
     761     762     763     764     765     766     767     768     769     770
     771     772     773     774     775     776     777     778     779     780
     781     782     783     784     785     786     787     788     789     790
     791     792     793     794     795     796     797     798     799     800
     801     802     803     804     805     806     807     808     809     810
     811     812     813     814     815     816     817     818     819     820
     821     822     823     824     825     826     827     828     829     830
     831     832     833     834     835     836     837     838     839     840
     841     842     843     844     845     846     847     848     849     850
     851     852     853     854     855     856     857     858     859     860
     861     862     863     864     865     866     867     868     869     870
     871     872     873     874     875     876     877     878     879     880
     881     882     883     884     885     886     887     888     889     890
     891     892     893     894     895     896     897     898     899     900
     901     902     903     904     905     906     907     908     909     910
     911     912     913     914     915     916     917     918     919     920
     921     922     923     924     925     926     927     928     929     930
     931     932     933     934     935     936     937     938     939     940
     941     942     943     944     945     946     947     948     949     950
     951     952     953     954     955     956     957     958     959     960
     961     962     963     964     965     966     967     968     969     970
     971     972     973     974     975     976     977     978     979     980
     981     982     983     984     985     986     987     988     989     990
     991     992     993     994     995     996     997     998     999    1000
    1001    1002    1003    1004    1005    1006    1007    1008    1009    1010
    1011    1012    1013    1014    1015    1016    1017    1018    1019    1020
    1021    1022    1023    1024    1025    1026    1027    1028    1029    1030
    1031    1032    1033    1034    1035    1036    1037    1038    1039    1040
    1041    1042    1043    1044    1045    1046    1047    1048    1049    1050
    1051    1052    1053    1054    1055    1056    1057    1058    1059    1060
    1061    1062    1063    1064    1065    1066    1067    1068    1069    1070
    1071    1072    1073    1074    1075    1076    1077    1078    1079    1080
    1081    1082    1083    1084    1085    1086    1087    1088    1089    1090
    1091    1092    1093    1094    1095    1096    1097    1098    1099    1100
    1101    1102    1103    1104    1105    1106    1107    1108    1109    1110
    1111    1112    1113    1114    1115    1116    1117    1118    1119    1120
    1121    1122    1123    1124    1125    1126    1127    1128    1129    1130
    1131    1132    1133    1134    1135    1136    1137    1138    1139    1140
    1141    1142    1143    1144    1145    1146    1147    1148    1149    1150
    1151    1152    1153    1154    1155    1156    1157    1158    1159    1160
    1161    1162    1163    1164    1165    1166    1167    1168    1169    1170
    1171    1172    1173    1174    1175    1176    1177    1178    1179    1180
    1181    1182    1183    1184    1185    1186    1187    1188    1189    1190
    1191    1192    1193    1194    1195    1196    1197    1198    1199    1200
    1201    1202    1203    1204    1205    1206    1207    1208    1209    1210
    1211    1212    1213    1214    1215    1216    1217    1218    1219    1220
    1221    1222    1223    1224    1225    1226    1227    1228    1229    1230
    1231    1232    1233    1234    1235    1236    1237    1238    1239    1240
    1241    1242    1243    1244    1245    1246    1247    1248    1249    1250
    1251    1252    1253    1254    1255    1256    1257    1258    1259    1260
    1261    1262    1263    1264    1265    1266    1267    1268    1269    1270
    1271    1272    1273    1274    1275    1276    1277    1278    1279    1280
    1281    1282    1283    1284    1285    1286    1287    1288    1289    1290
    1291    1292    1293    1294    1295    1296    1297    1298    1299    1300
    1301    1302    1303    1304    1305
     0.855027     0.787956     0.736818     0.689538     0.649115     0.613989
     0.584485     0.557148     0.532296     0.508829     0.489438     0.469545
     0.451364     0.435057     0.417458     0.403483     0.388058     0.373405
     0.359525     0.344512     0.331865     0.318561     0.306036     0.294291
     0.283486     0.272985     0.270440     0.241780     0.203812     0.196446
     0.190138     0.195479     0.201599     0.207729     0.202584     0.196949
     0.191627     0.191008     0.185890     0.181916     0.178431     0.174445
     0.170784     0.167116     0.163608     0.160095     0.157073     0.154378
     0.152009     0.147355     0.145169     0.140297     0.138623     0.143558
     0.142147     0.140904     0.138979     0.137391     0.136141     0.132665
     0.131761     0.128142     0.126919     0.128920     0.128111     0.129939
     0.129181     0.126616     0.125865     0.124178     0.123596     0.123735
     0.122635     0.122214     0.121113     0.118472     0.118058     0.117138
     0.116723     0.115183     0.115652     0.113082     0.112502     0.110802
     0.110391     0.107184     0.106937     0.105062     0.104813     0.100270
    0.0995715    0.0993283    0.0989328    0.0974837    0.0970894    0.0950449
    0.0922907    0.0917598    0.0909378    0.0872537    0.0865947    0.0868563
    0.0825942    0.0818154    0.0807603    0.0801207    0.0786797    0.0921560
    0.0917417    0.0911685    0.0905946    0.0950039    0.0945709    0.0749505
    0.0747148    0.0744790    0.0689222    0.0686957    0.0684690    0.0682423
    0.0681396    0.0677887    0.0676855    0.0712281    0.0693126    0.0699505
    0.0719765    0.0720052    0.0721665    0.0721953    0.0724456    0.0723415
    0.0694038    0.0704834    0.0705094    0.0707957    0.0714220    0.0692640
    0.0699791    0.0700037    0.0698996    0.0699242    0.0686300    0.0709347
    0.0693457    0.0785740    0.0784690    0.0750105    0.0651084    0.0651257
    0.0674168    0.0665025    0.0663982    0.0648078    0.0627128    0.0622255
    0.0621220    0.0637882    0.0625518    0.0615734    0.0622229    0.0601950
    0.0615152    0.0603554    0.0604862    0.0603621    0.0616772    0.0615729
    0.0590862    0.0590971    0.0583996    0.0584849    0.0583814    0.0571401
    0.0570370    0.0556927    0.0555903    0.0557054    0.0558206    0.0557182
    0.0557245    0.0555415    0.0553301    0.0543538    0.0543589    0.0543640
    0.0541547    0.0540525    0.0538431    0.0537409    0.0536387    0.0534291
    0.0532196    0.0533319    0.0532296    0.0530199    0.0528102    0.0526005
    0.0530414    0.0529385    0.0527266    0.0525147    0.0523027    0.0519817
    0.0518786    0.0517755    0.0516724    0.0515692    0.0504737    0.0501573
    0.0499478    0.0522412    0.0521368    0.0520323    0.0519279    0.0519358
    0.0491478    0.0491519    0.0490493    0.0488402    0.0487376    0.0486350
    0.0486391    0.0484298    0.0520649    0.0520743    0.0523135    0.0523229
    0.0497839    0.0497895    0.0499044    0.0498008    0.0499156    0.0500305
    0.0502547    0.0503696    0.0522447    0.0525913    0.0503286    0.0504401
    0.0507657    0.0509844    0.0514837    0.0517040    0.0520321    0.0521447
    0.0523651    0.0528011    0.0525265    0.0526376    0.0528555    0.0529666
    0.0531846    0.0531890    0.0530866    0.0531978    0.0532022    0.0532066
    0.0533178    0.0532154    0.0533267    0.0531173    0.0530149    0.0529124
    0.0527029    0.0527073    0.0525810    0.0525852    0.0523201    0.0523240
    0.0522217    0.0522256    0.0520169    0.0519145    0.0517056    0.0517096
    0.0517135    0.0515046    0.0515085    0.0515679    0.0514654    0.0513629
    0.0513668    0.0512049    0.0511024    0.0509998    0.0510037    0.0510076
    0.0512245    0.0514414    0.0515518    0.0516623    0.0517728    0.0519898
    0.0521003    0.0523174    0.0525345    0.0526451    0.0529689    0.0530795
    0.0531902    0.0533009    0.0535182    0.0538421    0.0540595    0.0542769
    0.0543877    0.0546052    0.0548227    0.0548269    0.0549378    0.0548995
    0.0551174    0.0551217    0.0553397    0.0552371    0.0553483    0.0553938
    0.0555048    0.0555091    0.0552999    0.0553041    0.0550948    0.0548855
    0.0546761    0.0546804    0.0547914    0.0547956    0.0549066    0.0549109
    0.0544927    0.0544966    0.0542877    0.0544693    0.0542413    0.0540325
    0.0540363    0.0540402    0.0540279    0.0539255    0.0539403    0.0539392
    0.0536135    0.0532982    0.0531956    0.0529866    0.0527776    0.0527813
    0.0525722    0.0524765    0.0523738    0.0521646    0.0520420    0.0518329
    0.0516237    0.0514145    0.0514181    0.0513153    0.0511870    0.0511906
    0.0510878    0.0511003    0.0507845    0.0506816    0.0509708    0.0507596
    0.0509008    0.0500091    0.0497660    0.0496630    0.0494534    0.0494569
    0.0493539    0.0492508    0.0492543    0.0490446    0.0488349    0.0488384
    0.0486331    0.0486365    0.0485334    0.0486432    0.0487531    0.0486500
    0.0486534    0.0486568    0.0485537    0.0484506    0.0483474    0.0483508
    0.0481332    0.0480180    0.0480927    0.0479895    0.0478091    0.0476384
    0.0476559    0.0476359    0.0474643    0.0472063    0.0473158    0.0472127
    0.0472158    0.0471126    0.0471686    0.0470653    0.0471750    0.0471783
    0.0470750    0.0470782    0.0470814    0.0470846    0.0470879    0.0470911
    0.0469878    0.0469909    0.0469942    0.0468908    0.0470006    0.0468972
    0.0470071    0.0470103    0.0471201    0.0472300    0.0473398    0.0474497
    0.0475596    0.0476830    0.0481141    0.0480106    0.0483349    0.0484452
    0.0485557    0.0487730    0.0490974    0.0492079    0.0494253    0.0496429
    0.0499674    0.0500780    0.0502956    0.0504062    0.0505168    0.0507345
    0.0510592    0.0511699    0.0514948    0.0510624    0.0512779    0.0513873
    0.0517090    0.0517123    0.0518217    0.0519311    0.0520406    0.0520439
    0.0521533    0.0520504    0.0521599    0.0522694    0.0522727    0.0520635
    0.0518542    0.0517512    0.0519321    0.0519355    0.0519390    0.0517291
    0.0517325    0.0516293    0.0516327    0.0515294    0.0515329    0.0515272
    0.0514241    0.0515338    0.0514307    0.0514340    0.0515438    0.0516536
    0.0516569    0.0516602    0.0513728    0.0514824    0.0512802    0.0511773
    0.0511803    0.0510773    0.0509743    0.0509773    0.0507683    0.0508773
    0.0508803    0.0508833    0.0508863    0.0509953    0.0509983    0.0511073
    0.0513224    0.0513254    0.0513284    0.0517483    0.0519651    0.0520751
    0.0522920    0.0522954    0.0525122    0.0526224    0.0527325    0.0529495
    0.0528461    0.0529563    0.0530665    0.0531768    0.0532870    0.0531837
    0.0532939    0.0534042    0.0534077    0.0534111    0.0533078    0.0530976
    0.0533147    0.0532113    0.0531079    0.0530045    0.0527942    0.0529045
    0.0529080    0.0542495    0.0541445    0.0539294    0.0539345    0.0538294
    0.0536143    0.0536192    0.0536242    0.0536293    0.0537444    0.0536393
    0.0536443    0.0536493    0.0535441    0.0534390    0.0533337    0.0533388
    0.0533437    0.0533487    0.0534639    0.0536894    0.0536944    0.0536994
    0.0538148    0.0539301    0.0538248    0.0539402    0.0541608    0.0545250
    0.0551628    0.0553936    0.0559459    0.0559417    0.0562952    0.0561885
    0.0567303    0.0569320    0.0575919    0.0577169    0.0576086    0.0586333
    0.0585239    0.0584144    0.0585429    0.0580727    0.0603490    0.0602376
    0.0601261    0.0606334    0.0605212    0.0602845    0.0603264    0.0624652
    0.0624800    0.0624947    0.0618016    0.0622911    0.0624343    0.0646851
    0.0648353    0.0648524    0.0653038    0.0664445    0.0664632    0.0666179
    0.0668889    0.0670441    0.0670631    0.0677782    0.0687299    0.0687504
    0.0691867    0.0695640    0.0700033    0.0703035    0.0711980    0.0715016
    0.0716645    0.0710263    0.0713256    0.0716250    0.0717854    0.0728391
    0.0734229    0.0738666    0.0745682    0.0750170    0.0769362    0.0774477
    0.0777657    0.0812154    0.0810936    0.0811241    0.0862853    0.0866461
    0.0866832    0.0867203    0.0722610    0.0724159    0.0678994    0.0676588
    0.0675459    0.0675606    0.0673199    0.0672068    0.0767178    0.0765969
    0.0763288    0.0784727    0.0784494    0.0781750    0.0789247    0.0825171
    0.0809286    0.0809609    0.0822728    0.0824676    0.0823350    0.0803035
    0.0806473    0.0809914    0.0815241    0.0795495    0.0778582    0.0784746
    0.0792041    0.0799299    0.0805483    0.0777687    0.0784994    0.0713802
    0.0721603    0.0729407    0.0737214    0.0719165    0.0727917    0.0732977
    0.0739270    0.0685268    0.0691006    0.0694480    0.0692617    0.0697169
    0.0701722    0.0706276    0.0710831    0.0714265    0.0714336    0.0716650
    0.0716721    0.0715670    0.0715741    0.0718056    0.0715884    0.0717077
    0.0719392    0.0716096    0.0718412    0.0717361    0.0716310    0.0716381
    0.0716452    0.0717646    0.0716594    0.0721159    0.0722354    0.0726919
    0.0731486    0.0734930    0.0737251    0.0745192    0.0753135    0.0759955
    0.0769025    0.0776972    0.0783797    0.0792871    0.0803073    0.0784789
    0.0793554    0.0802320    0.0815818    0.0823535    0.0833441    0.0387310
    0.0386192    0.0382588    0.0354721    0.0354798    0.0351396    0.0349152
    0.0348067    0.0345822    0.0345897    0.0343650    0.0341402    0.0341476
    0.0340389    0.0340463    0.0339374    0.0340611    0.0351794    0.0350685
    0.0350778    0.0350870    0.0349760    0.0354807    0.0351124    0.0350011
    0.0350105    0.0369693    0.0368543    0.0367391    0.0366239    0.0362332
    0.0350357    0.0350459    0.0365213    0.0362769    0.0364312    0.0364444
    0.0364577    0.0490556    0.0489191    0.0491308    0.0472869    0.0433148
    0.0423222    0.0436972    0.0473389    0.0475373    0.0518334    0.0535571
    0.0573916    0.0468017    0.0471512    0.0475013    0.0490727    0.0476578
    0.0469389    0.0472793    0.0474639    0.0511402    0.0486883    0.0526674
    0.0527059    0.0529167    0.0553533    0.0483899    0.0465153    0.0483209
    0.0538864    0.0537508    0.0555785    0.0564204    0.0534073    0.0551923
    0.0609820    0.0698589    0.0827618    0.0912489    0.0688905    0.0506313
    0.0424198    0.0422963    0.0506781    0.0507142    0.0452890    0.0454681
    0.0502762    0.0506495    0.0528447    0.0534104    0.0485073    0.0461905
    0.0407031    0.0411088    0.0457615    0.0506703    0.0457229    0.0469270
    0.0475213    0.0553400    0.0471263    0.0475664    0.0737439    0.0744634
    0.0723123    0.0725900    0.0728681    0.0643973    0.0516412    0.0483673
    0.0553332    0.0600353    0.0587198    0.0578856    0.0555872    0.0539174
    0.0550363    0.0624279    0.0589632    0.0538667    0.0543345    0.0604118
    0.0712382    0.0802155    0.0577354    0.0579313    0.0538049    0.0580965
    0.0595371    0.0597371    0.0576782    0.0667552    0.0849510    0.0843486
    0.0669584    0.0616909    0.0643987    0.0613370    0.0562500    0.0553946
    0.0560181    0.0592492    0.0855584    0.0860948    0.0822798    0.0821406
    0.0826485    0.0829413    0.0834506     0.100073    0.0843492    0.0844279
    0.0959865    0.0842668    0.0676173    0.0733142    0.0737436    0.0712072
    0.0717986    0.0619838    0.0658142    0.0660174    0.0690845    0.0692991
    0.0710917    0.0713136    0.0830116    0.0993914    0.0850427    0.0853220
    0.0858084    0.0860886    0.0845570    0.0848286    0.0727208    0.0753277
    0.0897043     0.103111    0.0709953    0.0712028    0.0715762    0.0722816
    0.0728219    0.0731969    0.0740705    0.0744466    0.0749894    0.0755328
    0.0936418    0.0941283    0.0948204    0.0957184    0.0960025    0.0966975
    0.0973938    0.0980910    0.0985835    0.0990768    0.0997770     0.100272
     0.100974     0.101057     0.101968     0.102259     0.102551     0.102635
     0.103135     0.103013     0.103305     0.186531     0.186055     0.186328
     0.138497     0.138656     0.138535     0.161915     0.161800     0.161684
     0.161237     0.161120     0.161332     0.160883     0.161095     0.160643
     0.161188     0.161400     0.161946     0.162493     0.162373     0.162587
     0.163137     0.163687     0.164239     0.174788     0.175742     0.177055
     0.176942     0.177902     0.178506     0.179111     0.180077     0.180325
     0.181295     0.182627     0.184325     0.185303     0.186283     0.187992
     0.189342     0.190331     0.192051     0.192681     0.193677     0.195774
     0.197143     0.198883     0.200995     0.202744     0.205234     0.206993
     0.208018     0.209045     0.210815     0.213332     0.215112     0.215781
     0.216451     0.217496     0.218917     0.219593     0.220645     0.222075
     0.223509     0.224945     0.225632     0.225944     0.226256     0.228081
     0.229153     0.304412     0.305419     0.306428     0.278903     0.282067
     0.284784     0.287966     0.291157     0.294815     0.297108     0.300785
     0.302633     0.305408     0.308190     0.311905     0.315167     0.136267
     0.137157     0.138644     0.139935     0.141426     0.142123     0.142821
     0.143719     0.157494     0.158704     0.160133     0.160695     0.161910
     0.163562     0.165000     0.166439     0.167444     0.168669     0.170114
     0.171343     0.173011     0.174463     0.176576     0.399898     0.405444
     0.410021     0.416091     0.421192     0.426802     0.432429     0.438569
     0.444727     0.450406     0.456600     0.462812     0.469544     0.476295
     0.483065     0.487848     0.493147     0.499974     0.504296     0.507620
     0.509941     0.513788     0.517140     0.520500     0.520812     0.522144
     0.524502     0.526354     0.527185     0.526990     0.527308     0.526079
     0.527942     0.527741     0.524433     0.523705     0.525571     0.526400
     0.525668     0.525455     0.524717     0.526592     0.527948     0.528781
     0.530668     0.533086     0.536566     0.538470     0.543554     0.546002
     0.550050     0.554109     0.557114     0.559061     0.560478     0.564574
     0.569753     0.573874     0.578006     0.582150     0.586306     0.588852
     0.592487     0.594507     0.625343     0.625788     0.626801     0.629527
     0.633973     0.636716     0.640040     0.645094     0.649013     0.650064
     0.654577     0.657948     0.369374     0.371075     0.373103     0.374810
     0.376845     0.378884     0.381254     0.384280     0.386660     0.388717
     0.393069     0.396776     0.400162     0.402241     0.407283     0.411348
     0.416080     0.420493     0.425245     0.429015     0.434447     0.440222
     0.446672     0.453468     0.539772     0.547463     0.744541     0.490862
     0.495872     0.467972     0.473604     0.477640     0.482328     0.485737
     0.490764     0.495157     0.179506     0.180928     0.181535     0.181910
    0.0615291    0.0603128    0.0609679    0.0618368    0.0601374    0.0592594
    0.0603645    0.0613882    0.0613916    0.0625345    0.0654498    0.0698921
    0.0747510    0.0793350    0.0802839    0.0830846    0.0914406    0.0991465
     0.102845     0.109152     0.121254     0.126715     0.130948     0.141035
     0.142631     0.140898     0.127552     0.107928     0.112040     0.185489
     0.187734     0.219889     0.245349     0.266207     0.273312     0.372615
     0.378671     0.384755     0.390140     0.395550     0.400986     0.497503
     0.504362     0.547310     0.602355     0.607412     0.623331     0.626653
     0.608570     0.612534     0.568974     0.526630     0.525528     0.549222
     0.515339     0.518529     0.495279     0.481002     0.443119     0.444266
     0.428195     0.406677     0.359150     0.359975     0.328199     0.330009
     0.293540     0.294616     0.290080     0.272916     0.275233     0.267249
     0.255271     0.257379     0.266888     0.269931     0.311757     0.314340
     0.301027     0.303941     0.285305     0.289734     0.296245     0.322894
     0.327311     0.355449     0.446060     0.452730     0.537825     0.664786
     0.803832     0.820125     0.570889     0.205741     0.209348     0.159676
     0.141688     0.135173     0.131486     0.126017     0.127667     0.122268
     0.123957     0.125921     0.105516     0.106895     0.107933     0.108858
     0.110010     0.110481     0.110725     0.111765     0.112464     0.113163
     0.114090     0.114789     0.115603     0.116303     0.117345     0.118500
     0.118974     0.120130     0.120945     0.122215     0.122986     0.115009
     0.116073     0.117137     0.117989     0.119370     0.120435     0.121499
     0.122458     0.123523     0.124271     0.125018     0.122368     0.123199
     0.123513     0.122364     0.122875     0.123895     0.124537     0.125048
     0.123478     0.124476     0.125075     0.126822     0.127726     0.129032
     0.130137     0.131845     0.135867     0.137708     0.139957     0.142819
     0.144966     0.147828     0.151303
