 16
 38
 49
 51
 55
 57
 59
 61
 63
 66
 70
 72
 74
 79
 81
 83
 85
 87
 89
101
104
106
109
111
113
116
119
122
125
128
131
133
135
138
141
144
146
148
151
154
157
159
161
163
165
167
170
173
176
178
179
180
183
185
187
189
191
193
195
197
199
201
203
205
207
210
212
214
217
219
222
224
226
228
230
232
234
236
239
241
246
249
252
254
256
258
260
262
265
267
269
271
272
273
278
280
282
284
286
288
290
292
294
296
299
301
303
306
308
310
312
314
316
318
320
323
325
327
329
331
333
335
341
347
350
352
354
356
358
360
362
364
366
369
371
373
375
377
379
381
386
389
404
407
410
414
416
426
428
432
434
445
457
515
546
552
566
571
573
646
662
668
756
867
921
