6201
6214
6230
6238
6242
6250
6265
6268
6276
6280
6287
6290
6294
6301
6304
6316
6324
6327
6334
6340
6347
6350
6353
6356
6359
6361
6364
6367
6370
6373
6376
6379
6382
6384
6386
6390
6392
6394
6398
6400
6402
6406
6410
6414
6417
6419
6424
6432
6440
6444
6447
6449
6454
6456
6461
6463
6470
6477
6484
6491
6498
6505
6512
6519
6526
6533
6539
6546
6551
6554
6556
6561
6567
6573
6579
6585
6591
6596
6601
6607
6612
6615
6617
6622
6627
6631
6634
6638
6642
6646
6651
6655
6661
6663
6669
6671
6677
6680
6684
6687
6692
6695
6697
6698
6702
6705
6706
6709
6713
6714
6717
6719
6720
6721
6724
6726
6728
6729
6731
6733
6735
6736
6737
6740
6742
6743
6744
6745
6747
6749
6750
6751
6752
6754
6756
6757
6758
6759
6762
6764
6765
6766
6767
6769
6770
6771
6772
6773
6775
6777
6778
6779
6780
6782
6784
6785
6786
6787
6788
6791
6792
6793
6796
6797
6798
6799
6800
6802
6804
6805
6806
6808
6811
6813
6816
6818
6820
6821
6824
6826
6827
6829
6832
6833
6834
6836
6838
6839
6840
6842
6843
6844
6845
6846
6847
6849
6850
6851
6852
6853
6854
6855
6856
6857
6859
6860
6861
6862
6863
6864
6865
6866
6867
6868
6870
6871
6872
6873
6874
6875
6876
6877
6878
6879
6880
6882
6883
6885
6887
6888
6890
6892
6893
6895
6897
6898
6900
6902
6904
6907
6909
6914
6918
6922
6926
6930
6934
6938
6942
6946
6949
6953
6956
6960
6963
6966
6969
6972
6974
6977
6980
6983
6986
6989
6992
6995
6998
7001
7004
7007
7054
7061
7069
7076
7083
7090
7094
7097
7104
7264
7269
7274
7277
7281
7284
7421
7424
7430
7433
7436
7441
7443
7449
7453
7455
7457
7464
