101
   0.0050
   0.0161
   0.0384
   0.0769
   0.1370
   0.2244
   0.3454
   0.5064
   0.7140
   0.9753
   1.2972
   1.6872
   2.1526
   2.7009
   3.3398
   4.0770
   4.9204
   5.8776
   6.9567
   8.1655
   9.5119
  11.0038
  12.6492
  14.4559
  16.4318
  18.5847
  20.9224
  23.4526
  26.1829
  29.1210
  32.2744
  35.6504
  39.2566
  43.1001
  47.1882
  51.5278
  56.1259
  60.9895
  66.1252
  71.5398
  77.2395
  83.2310
  89.5203
  96.1138
 103.0170
 110.2370
 117.7770
 125.6460
 133.8460
 142.3850
 151.2660
 160.4960
 170.0780
 180.0180
 190.3200
 200.9890
 212.0280
 223.4410
 235.2340
 247.4080
 259.9690
 272.9190
 286.2620
 300.0000
 314.1370
 328.6750
 343.6180
 358.9660
 374.7240
 390.8920
 407.4740
 424.4700
 441.8820
 459.7120
 477.9610
 496.6300
 515.7200
 535.2320
 555.1670
 575.5250
 596.3060
 617.5110
 639.1400
 661.1920
 683.6670
 706.5650
 729.8860
 753.6270
 777.7890
 802.3710
 827.3710
 852.7880
 878.6200
 904.8660
 931.5230
 958.5910
 986.0660
1013.9500
1042.2300
1070.9200
1100.0000
