194.140
194.140
215.730
234.340
246.040
253.340
259.020
263.470
265.130
265.640
263.890
261.410
258.540
254.340
250.250
246.270
242.460
238.710
235.030
232.530
230.250
228.270
226.710
225.230
223.840
222.520
221.330
220.470
219.720
219.030
218.410
217.840
217.310
216.790
216.290
215.820
215.450
215.080
214.720
214.400
214.210
214.040
213.930
213.880
213.920
214.170
214.690
215.340
215.990
216.170
216.370
216.690
217.110
217.520
217.910
218.520
219.340
220.300
221.240
222.290
223.620
225.210
226.770
228.420
230.420
232.520
234.610
236.730
238.900
241.030
243.140
245.230
247.290
249.300
251.280
253.210
255.040
256.840
258.600
260.320
261.990
263.620
265.210
266.760
268.250
269.700
271.110
272.500
273.860
275.190
276.500
277.770
279.030
280.280
281.520
282.750
283.960
285.160
286.340
287.540
288.750
    3.9062
    3.9062
    4.5384
    5.3258
    5.3794
    5.5432
    5.7694
    6.0049
    6.0049
    5.8860
    5.8274
    5.7694
    5.5989
    5.5432
    5.4334
    5.3794
    5.3258
    5.2204
    5.1170
    5.0157
    4.9658
    4.8675
    4.7711
    4.6766
    4.6301
    4.6301
    4.5840
    4.6301
    4.6301
    4.6301
    4.5840
    4.4932
    4.3604
    4.2741
    4.1895
    4.1065
    4.0656
    3.9851
    3.9062
    3.8289
    3.7157
    3.6059
    3.5700
    3.5700
    3.7157
    4.7236
    5.8860
    7.1891
    8.6935
   10.5126
   12.9691
   15.8405
   18.9645
   22.7047
   26.9119
   31.8989
   37.8099
   43.9288
   51.5509
   60.4956
   70.2858
   81.6605
   93.9319
  109.1333
  138.7357
  174.6127
  213.2725
  265.7538
  334.4778
  400.4426
  484.2350
  585.5610
  694.0684
  814.4968
  946.3102
 1155.8259
 1383.7749
 1591.7200
 1812.6958
 2064.3496
 2374.5671
 2650.6772
 2900.3027
 3110.5986
 3613.9998
 4283.6919
 4976.9395
 5724.8433
 6390.5171
 6992.3394
 7574.7104
 8205.5859
 8889.0059
 9726.1211
10642.0713
11644.2812
12868.9189
13940.7373
14951.5537
16035.6621
17198.3789
