; Refractive index data for terrestrial minerals. Reference is:
; Pollack, Toon and Khare, Optical properties of some terrestrial rocks
; and minerals, Icarus 19, 372-380 (1973)
; Columns are wavelength (microns), n and k (for N = n - ik) for the following:
; Obsidian (Calif.), Obsidian (Oregon), Basaltic glass,     Basalt,         Andesite

0.21  1.62       -99   1.60       -99   1.68       -99   1.59       -99   1.60       -99
0.23  1.59       -99   1.58       -99   1.65       -99   1.54       -99   1.56       -99
0.25  1.55       -99   1.55       -99   1.61       -99   1.53       -99   1.53       -99
0.27  1.54       -99   1.53       -99   1.60       -99   1.52       -99   1.50       -99
0.29  1.53       -99   1.53       -99   1.60       -99    -99       -99   1.48       -99
0.30  1.51   0.38e-3   1.51   0.24e-3   1.60       -99    -99       -99   1.47   0.91e-3
0.32  1.49   0.27e-3   1.50  0.097e-3   1.59       -99    -99   0.97e-3    -99   0.99e-3
0.34  1.49   0.25e-3   1.49  0.047e-3   1.58       -99    -99   0.93e-3    -99    1.0e-3
0.36  1.49   0.21e-3   1.49  0.028e-3   1.57       -99    -99   0.93e-3    -99    1.1e-3
0.38  1.49   0.20e-3   1.49  0.024e-3   1.57       -99    -99   0.87e-3    -99    1.1e-3
0.40  1.49   0.20e-3   1.49  0.022e-3   1.57   0.79e-3    -99   0.86e-3    -99    1.2e-3
0.42  1.49   0.20e-3   1.48  0.023e-3   1.57   0.64e-3    -99   0.85e-3    -99    1.2e-3
0.44   -99   0.21e-3    -99  0.023e-3   1.57   0.54e-3    -99   0.88e-3    -99    1.3e-3
0.46   -99   0.21e-3    -99  0.023e-3   1.57   0.51e-3    -99   0.88e-3    -99    1.3e-3
0.48   -99   0.22e-3    -99  0.024e-3   1.57   0.50e-3    -99   0.91e-3    -99    1.3e-3
0.50  1.48   0.23e-3   1.48  0.025e-3   1.57   0.48e-3   1.52   0.92e-3   1.47    1.4e-3
0.52   -99   0.23e-3    -99  0.026e-3    -99   0.47e-3    -99   0.92e-3    -99    1.4e-3
0.54   -99   0.24e-3    -99  0.027e-3    -99   0.46e-3    -99   0.93e-3    -99    1.4e-3
0.56   -99   0.25e-3    -99  0.028e-3    -99   0.45e-3    -99   0.95e-3    -99    1.5e-3
0.58   -99   0.26e-3    -99  0.028e-3    -99   0.44e-3    -99   0.95e-3    -99    1.5e-3
0.60   -99   0.27e-3    -99  0.029e-3    -99   0.43e-3    -99   0.99e-3    -99    1.5e-3
0.70   -99   0.30e-3    -99  0.031e-3    -99   0.47e-3    -99    1.1e-3    -99    1.7e-3
0.80   -99   0.33e-3    -99  0.036e-3    -99   0.53e-3    -99    1.3e-3    -99    1.9e-3
0.90   -99   0.37e-3    -99  0.040e-3    -99   0.56e-3    -99    1.4e-3    -99    2.1e-3
1.00  1.47   0.40e-3   1.46  0.044e-3   1.55   0.58e-3   1.51    1.6e-3   1.47    2.3e-3
1.10   -99   0.41e-3    -99  0.048e-3    -99   0.60e-3    -99    1.7e-3    -99    2.5e-3
1.20   -99   0.44e-3    -99  0.051e-3    -99   0.62e-3    -99    1.8e-3    -99    2.7e-3
1.30   -99   0.47e-3    -99  0.057e-3    -99   0.63e-3    -99    1.9e-3    -99    2.9e-3
1.40   -99   0.47e-3    -99  0.059e-3    -99   0.63e-3    -99    2.1e-3    -99    3.0e-3
1.50  1.50   0.50e-3   1.45  0.064e-3   1.54   0.63e-3   1.51    2.2e-3   1.47    3.2e-3
1.60   -99   0.51e-3    -99  0.065e-3    -99   0.61e-3    -99    2.2e-3    -99    3.3e-3
1.70   -99   0.52e-3    -99  0.071e-3    -99   0.60e-3    -99    2.4e-3    -99    3.4e-3
1.80   -99   0.52e-3    -99  0.073e-3    -99   0.57e-3    -99    2.5e-3    -99    3.5e-3
1.90   -99   0.53e-3    -99  0.077e-3    -99   0.55e-3    -99    2.6e-3    -99    3.6e-3
2.00  1.45   0.53e-3   1.44  0.080e-3   1.54   0.50e-3   1.51    2.7e-3   1.46    3.8e-3
2.10   -99   0.53e-3    -99  0.085e-3    -99   0.46e-3    -99    2.8e-3    -99    3.8e-3
2.20   -99   0.52e-3    -99  0.084e-3    -99   0.41e-3    -99    2.8e-3    -99    3.9e-3
2.30   -99   0.51e-3    -99  0.093e-3    -99   0.36e-3    -99    2.9e-3    -99    4.0e-3
2.40   -99   0.52e-3    -99  0.092e-3    -99   0.30e-3    -99    3.0e-3    -99    4.1e-3
2.50  1.43   0.56e-3   1.43   0.10e-3   1.53   0.25e-3   1.50    3.1e-3   1.46    4.1e-3
2.55   -99   0.58e-3    -99   0.10e-3    -99   0.26e-3    -99    3.1e-3    -99    4.2e-3
2.60   -99   0.58e-3    -99   0.11e-3    -99   0.26e-3    -99    3.2e-3    -99    4.2e-3
2.65   -99   0.58e-3    -99   0.11e-3    -99   0.26e-3    -99    3.2e-3    -99    4.4e-3
2.70   -99   0.61e-3    -99   0.17e-3    -99   0.26e-3    -99    3.3e-3    -99    4.5e-3
2.75   -99   0.90e-3    -99   0.48e-3    -99   0.34e-3    -99    3.5e-3    -99    5.0e-3
2.80   -99   1.10e-3    -99   0.84e-3    -99   0.47e-3    -99    3.8e-3    -99    5.3e-3
2.85   -99   1.10e-3    -99   0.86e-3    -99   0.50e-3    -99    4.0e-3    -99    5.4e-3
2.90   -99   1.00e-3    -99   0.84e-3    -99   0.51e-3    -99    4.1e-3    -99    5.6e-3
2.95   -99   1.00e-3    -99   0.72e-3    -99   0.49e-3    -99    4.1e-3    -99    5.6e-3
3.00  1.42   0.97e-3   1.42   0.64e-3   1.52   0.47e-3   1.48    4.3e-3   1.46    5.6e-3
3.05   -99   0.90e-3    -99   0.60e-3    -99   0.45e-3    -99    4.4e-3    -99    5.5e-3
3.10   -99   0.85e-3    -99   0.51e-3    -99   0.44e-3    -99    4.2e-3    -99    5.5e-3
3.15   -99   0.80e-3    -99   0.48e-3    -99   0.42e-3    -99    4.2e-3    -99    5.5e-3
3.20   -99   0.78e-3    -99   0.44e-3    -99   0.41e-3    -99    4.2e-3    -99    5.4e-3
3.25   -99   0.76e-3    -99   0.39e-3    -99   0.40e-3    -99    4.2e-3    -99    5.5e-3
3.30   -99   0.75e-3    -99   0.33e-3    -99   0.38e-3    -99    4.0e-3    -99    5.6e-3
3.35   -99   0.74e-3    -99   0.28e-3    -99   0.38e-3    -99    4.1e-3    -99    5.6e-3
3.40   -99   0.73e-3    -99   0.26e-3    -99   0.36e-3    -99    4.0e-3    -99    5.6e-3
3.45   -99   0.71e-3    -99   0.24e-3    -99   0.35e-3    -99    4.1e-3    -99    5.7e-3
3.50   -99   0.69e-3    -99   0.22e-3    -99   0.35e-3    -99    4.1e-3    -99    5.8e-3
3.60   -99   0.66e-3    -99   0.19e-3    -99   0.34e-3    -99    4.1e-3    -99    6.0e-3
3.70   -99   0.65e-3    -99   0.19e-3    -99   0.33e-3    -99    4.0e-3    -99    6.0e-3
3.80   -99   0.64e-3    -99   0.19e-3    -99   0.32e-3    -99    4.2e-3    -99    6.1e-3
3.90   -99   0.63e-3    -99   0.19e-3    -99   0.32e-3    -99    3.8e-3    -99    6.1e-3
4.00  1.39   0.65e-3   1.39   0.20e-3   1.50   0.37e-3   1.47    3.9e-3   1.43    6.3e-3
4.25   -99   0.28e-3    -99   0.29e-3    -99   0.36e-3    -99    4.1e-3    -99    6.8e-3
4.50   -99   0.52e-3    -99   0.57e-3    -99   0.53e-3    -99    4.4e-3    -99    7.3e-3
4.75   -99   0.68e-3    -99   0.80e-3    -99   0.87e-3    -99    5.1e-3    -99    7.8e-3
5.00  1.35    2.1e-3   1.34    2.5e-3   1.46   1.50e-3   1.43    6.0e-3   1.40    8.6e-3
5.25   -99    3.3e-3    -99       -99    -99   2.70e-3    -99    7.0e-3    -99    9.4e-3
5.50   -99    5.0e-3    -99       -99    -99       -99    -99    8.3e-3    -99    10.e-3
5.75   -99       -99    -99       -99    -99       -99    -99    9.9e-3    -99    11.e-3
6.00  1.27    17.e-3   1.27    18.e-3   1.40    20.e-3   1.37    13.e-3   1.35    12.e-3
6.50  1.22    27.e-3   1.21    28.e-3   1.36    32.e-3   1.32    20.e-3   1.31    17.e-3
7.00  1.14    46.e-3   1.13    47.e-3   1.30    52.e-3   1.27    34.e-3   1.26    28.e-3
7.50  1.02    86.e-3   1.01    89.e-3   1.21    89.e-3   1.18    61.e-3   1.18    49.e-3
8.00  0.81   210.e-3   0.79   220.e-3   1.11   170.e-3   1.04   130.e-3   1.06   100.e-3
8.25  0.68   420.e-3   0.66   440.e-3   1.04   240.e-3   0.95   210.e-3   0.97   160.e-3
8.50  0.76   700.e-3   0.74   720.e-3   0.98   340.e-3   0.84   350.e-3   0.87   270.e-3
8.75  0.77   770.e-3   0.76   800.e-3   0.94   500.e-3   0.81   600.e-3   0.78   480.e-3
9.00  0.77  1100.e-3   0.77  1100.e-3   0.96   700.e-3   0.94   860.e-3   0.77   850.e-3
9.50  1.65  1700.e-3   1.67  1800.e-3   1.26  1100.e-3   1.32   970.e-3   1.31   920.e-3
10.0  2.39   800.e-3   2.42   810.e-3   1.69  1100.e-3   1.65  1200.e-3   1.60  1100.e-3
10.5  2.12   340.e-3   2.14   350.e-3   2.04   940.e-3   2.17   930.e-3   1.93   860.e-3
11.0  1.93   220.e-3   1.95   220.e-3   2.20   570.e-3   2.21   390.e-3   2.16   420.e-3
11.5  1.81   190.e-3   1.82   190.e-3   2.11   340.e-3   2.02   200.e-3   1.96   200.e-3
12.0  1.72   180.e-3   1.74   180.e-3   2.01   230.e-3   1.90   140.e-3   1.83   130.e-3
12.5  1.67   190.e-3   1.68   190.e-3   1.93   180.e-3   1.80   110.e-3   1.74   100.e-3
13.0  1.63   210.e-3   1.64   210.e-3   1.87   160.e-3   1.73   100.e-3   1.67    95.e-3
13.5  1.61   240.e-3   1.62   230.e-3   1.81   140.e-3   1.66   100.e-3   1.60    96.e-3
14.0  1.60   250.e-3   1.61   250.e-3   1.77   140.e-3   1.59   110.e-3   1.54   110.e-3
14.5  1.59   260.e-3   1.60   260.e-3   1.72   140.e-3   1.52   140.e-3   1.47   130.e-3
15.0  1.59   260.e-3   1.60   260.e-3   1.68   140.e-3   1.44   190.e-3   1.40   170.e-3
15.5  1.58   260.e-3   1.58   260.e-3   1.65   160.e-3   1.36   280.e-3   1.32   260.e-3
16.0  1.56   260.e-3   1.57   250.e-3   1.61   180.e-3   1.32   450.e-3   1.28   410.e-3
16.5  1.53   260.e-3   1.54   250.e-3   1.57   210.e-3   1.44   640.e-3   1.38   580.e-3
17.0  1.49   260.e-3   1.50   250.e-3   1.53   240.e-3   1.62   630.e-3   1.54   590.e-3
17.5  1.44   270.e-3   1.45   260.e-3   1.50   290.e-3   1.65   580.e-3   1.57   540.e-3
18.0  1.38   300.e-3   1.39   290.e-3   1.47   350.e-3   1.67   620.e-3   1.59   580.e-3
18.5  1.31   340.e-3   1.32   330.e-3   1.45   420.e-3   1.80   650.e-3   1.68   620.e-3
19.0  1.23   420.e-3   1.24   400.e-3   1.45   500.e-3   1.88   570.e-3   1.78   560.e-3
