     0.003
     0.010
     0.030
     0.100
     0.300
     0.400
     0.500
     0.700
     1.400
     2.800
     5.600
    11.190
    22.390
    44.780
    89.560
   179.120
   506.630
 1 -85  0.56  0.12  0.17  0.54  1.06  1.26  1.51  1.78  2.93  5.52
        6.40  4.03  4.11  3.13  1.07  0.26  0.07
 1 -75  0.65  0.20  0.22  0.57  1.05  1.30  1.55  1.92  3.14  5.34
        6.08  4.46  4.04  3.00  1.22  0.34  0.07
 1 -65  0.77  0.24  0.23  0.58  1.10  1.37  1.65  2.05  3.33  5.61
        6.68  5.25  4.52  3.09  1.21  0.33  0.06
 1 -55  0.80  0.27  0.22  0.56  1.16  1.47  1.77  2.21  3.58  6.00
        7.49  6.35  5.08  3.06  1.10  0.29  0.06
 1 -45  0.74  0.28  0.20  0.55  1.22  1.58  1.91  2.38  3.83  6.38
        8.24  7.36  5.43  2.80  0.85  0.21  0.05
 1 -35  0.63  0.28  0.20  0.55  1.27  1.66  2.01  2.52  4.07  6.76
        8.91  8.21  5.65  2.51  0.65  0.15  0.04
 1 -25  0.54  0.27  0.20  0.55  1.28  1.69  2.06  2.59  4.25  7.11
        9.45  8.80  5.75  2.27  0.49  0.10  0.03
 1 -15  0.50  0.29  0.20  0.55  1.25  1.65  2.02  2.59  4.35  7.42
        9.92  9.23  5.80  2.09  0.37  0.06  0.03
 1  -5  0.50  0.30  0.20  0.53  1.21  1.60  1.98  2.57  4.37  7.47
        9.97  9.30  5.72  1.95  0.29  0.04  0.02
 1   5  0.50  0.30  0.20  0.53  1.20  1.60  1.98  2.58  4.39  7.47
        9.90  9.21  5.67  1.94  0.29  0.04  0.02
 1  15  0.49  0.30  0.21  0.53  1.22  1.62  2.03  2.62  4.47  7.40
        9.42  8.59  5.43  2.04  0.39  0.07  0.02
 1  25  0.56  0.30  0.21  0.54  1.26  1.69  2.13  2.76  4.73  7.37
        8.72  7.71  5.23  2.38  0.64  0.14  0.02
 1  35  0.72  0.30  0.24  0.58  1.33  1.82  2.31  3.02  5.09  7.30
        7.96  6.91  5.22  2.96  1.06  0.28  0.03
 1  45  0.76  0.30  0.29  0.63  1.42  1.97  2.54  3.28  5.28  7.04
        7.20  6.15  5.09  3.44  1.45  0.41  0.03
 1  55  0.78  0.38  0.40  0.70  1.51  2.10  2.68  3.32  5.10  6.50
        6.36  5.32  4.76  3.63  1.66  0.48  0.03
 1  65  0.95  0.50  0.50  0.78  1.65  2.26  2.80  3.27  4.79  5.96
        5.77  4.83  4.55  3.72  1.75  0.50  0.03
 1  75  0.92  0.55  0.54  0.79  1.59  2.15  2.66  3.11  4.56  5.66
        5.49  4.58  4.36  3.61  1.74  0.51  0.03
 1  85  0.76  0.53  0.55  0.70  1.40  1.81  2.34  2.79  4.59  5.80
        5.57  4.41  4.41  3.78  1.62  0.40  0.03
 2 -85  0.40  0.12  0.19  0.56  1.14  1.40  1.72  2.06  3.61  5.83
        5.88  3.53  3.93  2.91  1.01  0.23  0.07
 2 -75  0.47  0.18  0.23  0.59  1.11  1.42  1.74  2.23  3.70  5.60
        5.73  4.03  3.84  2.81  1.15  0.31  0.07
 2 -65  0.58  0.20  0.23  0.59  1.16  1.48  1.80  2.28  3.78  5.95
        6.62  5.04  4.42  2.94  1.13  0.29  0.06
 2 -55  0.61  0.23  0.22  0.59  1.23  1.58  1.91  2.39  3.92  6.27
        7.49  6.17  4.96  2.89  1.00  0.25  0.05
 2 -45  0.58  0.25  0.20  0.57  1.28  1.67  2.01  2.51  4.09  6.56
        8.24  7.24  5.35  2.68  0.80  0.18  0.04
 2 -35  0.55  0.27  0.20  0.57  1.30  1.71  2.08  2.61  4.25  6.87
        8.89  8.12  5.58  2.43  0.61  0.12  0.03
 2 -25  0.57  0.31  0.21  0.56  1.29  1.69  2.06  2.60  4.28  7.09
        9.39  8.71  5.67  2.20  0.46  0.08  0.03
 2 -15  0.63  0.34  0.21  0.56  1.26  1.64  2.00  2.53  4.19  7.21
        9.83  9.22  5.76  2.05  0.35  0.05  0.02
 2  -5  0.69  0.35  0.22  0.55  1.23  1.62  1.98  2.48  4.10  7.18
        9.99  9.45  5.75  1.95  0.29  0.04  0.02
 2   5  0.71  0.36  0.22  0.54  1.22  1.62  1.99  2.49  4.10  7.17
        9.97  9.42  5.71  1.95  0.29  0.04  0.02
 2  15  0.68  0.37  0.22  0.53  1.23  1.63  2.01  2.55  4.23  7.18
        9.67  8.97  5.51  2.05  0.40  0.07  0.02
 2  25  0.64  0.35  0.23  0.53  1.22  1.64  2.05  2.66  4.52  7.30
        9.12  8.19  5.38  2.42  0.66  0.15  0.02
 2  35  0.64  0.33  0.23  0.54  1.22  1.67  2.13  2.86  4.99  7.47
        8.34  7.17  5.27  3.03  1.12  0.31  0.03
 2  45  0.66  0.30  0.25  0.57  1.26  1.73  2.24  3.10  5.38  7.36
        7.56  6.40  5.25  3.66  1.58  0.47  0.03
 2  55  0.71  0.29  0.30  0.61  1.33  1.85  2.42  3.30  5.46  6.99
        6.89  5.78  5.16  4.06  1.85  0.55  0.04
 2  65  0.96  0.33  0.37  0.68  1.50  2.09  2.69  3.42  5.30  6.55
        6.42  5.38  5.11  4.31  1.98  0.59  0.04
 2  75  0.89  0.36  0.44  0.71  1.47  2.04  2.64  3.39  5.16  6.30
        6.30  5.36  5.36  4.72  2.16  0.62  0.04
 2  85  0.60  0.33  0.48  0.63  1.31  1.74  2.31  3.06  5.26  6.40
        6.46  5.15  5.49  5.15  1.97  0.50  0.04
 3 -85  0.25  0.12  0.21  0.54  1.34  1.72  2.18  2.68  5.03  6.22
        5.26  3.20  3.85  2.82  1.04  0.23  0.07
 3 -75  0.38  0.19  0.24  0.60  1.29  1.72  2.17  2.89  4.86  6.04
        5.29  3.67  3.71  2.74  1.15  0.31  0.07
 3 -65  0.53  0.24  0.23  0.60  1.30  1.72  2.14  2.80  4.79  6.55
        6.30  4.58  4.19  2.84  1.11  0.27  0.06
 3 -55  0.57  0.28  0.22  0.59  1.31  1.73  2.13  2.72  4.62  6.79
        7.30  5.75  4.74  2.82  0.99  0.23  0.05
 3 -45  0.66  0.32  0.21  0.58  1.31  1.73  2.12  2.69  4.50  6.88
        8.07  6.85  5.17  2.66  0.81  0.18  0.04
 3 -35  0.76  0.36  0.21  0.57  1.30  1.71  2.09  2.65  4.41  6.97
        8.69  7.79  5.48  2.45  0.63  0.13  0.03
 3 -25  0.72  0.36  0.22  0.57  1.28  1.68  2.04  2.56  4.25  6.97
        9.17  8.56  5.69  2.24  0.47  0.09  0.03
 3 -15  0.60  0.33  0.23  0.57  1.28  1.67  2.02  2.50  4.02  6.79
        9.45  9.20  5.90  2.12  0.36  0.05  0.02
 3  -5  0.55  0.31  0.23  0.56  1.28  1.67  2.03  2.49  3.89  6.59
        9.47  9.50  6.04  2.07  0.31  0.04  0.02
 3   5  0.63  0.31  0.22  0.56  1.27  1.67  2.03  2.49  3.90  6.59
        9.47  9.50  6.04  2.08  0.32  0.04  0.02
 3  15  0.76  0.34  0.22  0.54  1.25  1.65  2.02  2.54  4.08  6.81
        9.44  9.19  5.89  2.21  0.44  0.08  0.02
 3  25  0.80  0.37  0.22  0.53  1.22  1.64  2.04  2.61  4.34  7.06
        9.16  8.52  5.69  2.55  0.70  0.17  0.03
 3  35  0.70  0.38  0.24  0.55  1.23  1.65  2.08  2.70  4.64  7.35
        8.71  7.60  5.46  3.07  1.12  0.32  0.03
 3  45  0.56  0.36  0.27  0.58  1.24  1.67  2.12  2.82  5.00  7.65
        8.33  6.83  5.27  3.58  1.53  0.47  0.04
 3  55  0.48  0.33  0.31  0.60  1.23  1.67  2.16  2.99  5.36  7.68
        7.72  6.09  5.12  3.99  1.82  0.56  0.04
 3  65  0.47  0.30  0.35  0.61  1.21  1.67  2.22  3.17  5.57  7.39
        7.02  5.44  5.14  4.36  2.09  0.66  0.05
 3  75  0.48  0.27  0.38  0.62  1.22  1.71  2.29  3.23  5.49  6.95
        6.50  5.18  5.56  4.63  2.19  0.70  0.05
 3  85  0.48  0.19  0.40  0.57  1.27  1.72  2.31  3.02  5.61  7.13
        6.60  4.74  5.96  4.88  2.02  0.59  0.05
 4 -85  0.25  0.14  0.23  0.51  1.35  1.75  2.24  3.07  5.96  6.15
        4.70  2.98  3.65  2.79  1.12  0.24  0.06
 4 -75  0.41  0.23  0.26  0.60  1.34  1.82  2.36  3.37  5.65  6.07
        4.80  3.38  3.52  2.71  1.21  0.32  0.06
 4 -65  0.55  0.29  0.27  0.64  1.42  1.94  2.50  3.45  5.85  6.80
        5.72  4.15  3.99  2.84  1.19  0.30  0.05
 4 -55  0.63  0.32  0.26  0.64  1.46  1.99  2.53  3.36  5.72  7.32
        6.87  5.31  4.60  2.90  1.08  0.25  0.04
 4 -45  0.82  0.35  0.23  0.62  1.42  1.90  2.37  3.10  5.28  7.35
        7.67  6.29  4.94  2.72  0.89  0.19  0.04
 4 -35  0.93  0.37  0.22  0.60  1.36  1.80  2.22  2.84  4.82  7.24
        8.39  7.31  5.28  2.51  0.70  0.14  0.03
 4 -25  0.84  0.35  0.22  0.60  1.34  1.75  2.12  2.66  4.41  7.05
        9.00  8.34  5.63  2.30  0.52  0.09  0.03
 4 -15  0.67  0.34  0.23  0.60  1.33  1.73  2.09  2.56  4.09  6.75
        9.26  9.08  5.95  2.17  0.38  0.06  0.02
 4  -5  0.59  0.34  0.23  0.59  1.31  1.71  2.07  2.54  3.96  6.53
        9.21  9.38  6.17  2.15  0.33  0.04  0.02
 4   5  0.66  0.35  0.22  0.57  1.29  1.69  2.06  2.54  3.97  6.54
        9.22  9.41  6.20  2.18  0.33  0.04  0.02
 4  15  0.84  0.39  0.23  0.56  1.28  1.68  2.05  2.56  4.12  6.81
        9.37  9.28  6.16  2.35  0.47  0.09  0.03
 4  25  0.99  0.44  0.24  0.56  1.27  1.66  2.03  2.60  4.30  7.04
        9.23  8.71  5.90  2.63  0.72  0.18  0.03
 4  35  0.93  0.47  0.25  0.56  1.24  1.63  2.00  2.58  4.36  7.13
        8.91  7.94  5.61  3.03  1.07  0.31  0.04
 4  45  0.69  0.44  0.26  0.57  1.22  1.60  1.96  2.52  4.31  7.11
        8.56  7.24  5.40  3.47  1.43  0.44  0.05
 4  55  0.50  0.39  0.27  0.57  1.19  1.58  1.97  2.54  4.41  7.12
        8.09  6.48  5.14  3.81  1.68  0.52  0.05
 4  65  0.48  0.35  0.27  0.57  1.18  1.58  2.02  2.67  4.64  7.11
        7.48  5.66  4.84  4.02  1.87  0.60  0.06
 4  75  0.54  0.31  0.29  0.57  1.18  1.60  2.07  2.78  4.77  6.87
        6.75  4.93  4.54  4.13  2.03  0.67  0.07
 4  85  0.58  0.24  0.28  0.53  1.22  1.60  2.09  2.61  4.77  7.17
        6.89  4.52  4.50  4.47  1.90  0.58  0.07
 5 -85  0.27  0.16  0.25  0.52  1.35  1.73  2.24  2.92  5.43  5.40
        4.11  2.93  3.21  2.44  1.19  0.25  0.04
 5 -75  0.42  0.25  0.28  0.61  1.32  1.80  2.33  3.31  5.49  5.64
        4.43  3.34  3.31  2.55  1.25  0.34  0.04
 5 -65  0.45  0.28  0.29  0.64  1.42  1.96  2.57  3.71  6.24  6.49
        5.13  3.90  3.79  2.85  1.28  0.34  0.04
 5 -55  0.61  0.31  0.28  0.66  1.52  2.11  2.73  3.89  6.69  7.40
        6.15  4.77  4.30  2.95  1.20  0.30  0.04
 5 -45  0.92  0.35  0.25  0.64  1.50  2.03  2.57  3.57  6.30  7.80
        7.24  5.85  4.78  2.87  1.03  0.24  0.03
 5 -35  0.91  0.36  0.23  0.62  1.40  1.85  2.30  3.09  5.46  7.66
        8.11  6.90  5.15  2.65  0.82  0.18  0.03
 5 -25  0.76  0.36  0.23  0.62  1.36  1.76  2.13  2.74  4.68  7.22
        8.74  7.96  5.51  2.38  0.58  0.11  0.03
 5 -15  0.57  0.36  0.23  0.62  1.36  1.75  2.10  2.61  4.21  6.81
        9.05  8.80  5.87  2.21  0.41  0.07  0.02
 5  -5  0.49  0.36  0.24  0.61  1.35  1.75  2.12  2.60  4.06  6.62
        9.08  9.16  6.10  2.16  0.33  0.04  0.02
 5   5  0.53  0.36  0.24  0.61  1.34  1.74  2.11  2.59  4.04  6.62
        9.12  9.22  6.16  2.18  0.33  0.04  0.02
 5  15  0.63  0.37  0.24  0.61  1.33  1.72  2.08  2.57  4.09  6.79
        9.32  9.28  6.24  2.37  0.46  0.09  0.03
 5  25  0.75  0.39  0.25  0.59  1.31  1.69  2.04  2.55  4.14  6.87
        9.16  8.78  6.02  2.62  0.68  0.17  0.03
 5  35  0.82  0.40  0.25  0.58  1.27  1.64  1.99  2.50  4.09  6.82
        8.84  8.09  5.74  2.96  0.97  0.28  0.04
 5  45  0.78  0.37  0.25  0.57  1.23  1.59  1.92  2.41  3.96  6.68
        8.46  7.41  5.51  3.32  1.27  0.38  0.05
 5  55  0.67  0.33  0.24  0.57  1.18  1.53  1.85  2.31  3.82  6.49
        7.99  6.67  5.24  3.60  1.48  0.45  0.06
 5  65  0.57  0.28  0.24  0.57  1.14  1.46  1.79  2.24  3.72  6.25
        7.28  5.72  4.82  3.74  1.64  0.50  0.06
 5  75  0.48  0.24  0.23  0.56  1.11  1.42  1.73  2.20  3.69  6.04
        6.53  4.77  4.25  3.64  1.72  0.57  0.08
 5  85  0.44  0.18  0.19  0.52  1.14  1.39  1.70  2.03  3.52  6.31
        6.77  4.34  4.18  3.88  1.58  0.50  0.08
 6 -85  0.30  0.17  0.27  0.52  1.35  1.72  2.24  3.18  6.21  6.19
        4.72  3.50  3.69  3.12  1.42  0.33  0.03
 6 -75  0.43  0.25  0.29  0.60  1.30  1.76  2.32  3.46  5.87  6.05
        4.78  3.70  3.62  3.00  1.50  0.43  0.03
 6 -65  0.45  0.27  0.30  0.63  1.37  1.90  2.51  3.66  6.17  6.37
        5.05  3.91  3.79  3.09  1.50  0.42  0.03
 6 -55  0.55  0.29  0.28  0.66  1.47  2.03  2.64  3.82  6.56  7.03
        5.73  4.50  4.11  3.07  1.38  0.38  0.03
 6 -45  0.75  0.31  0.25  0.65  1.46  1.94  2.47  3.60  6.51  7.78
        7.01  5.73  4.78  3.07  1.20  0.30  0.03
 6 -35  0.74  0.32  0.23  0.63  1.37  1.79  2.23  3.08  5.58  7.63
        7.88  6.73  5.15  2.82  0.94  0.22  0.03
 6 -25  0.65  0.32  0.23  0.63  1.38  1.77  2.15  2.77  4.71  7.11
        8.35  7.58  5.40  2.47  0.65  0.14  0.03
 6 -15  0.50  0.31  0.23  0.64  1.41  1.82  2.19  2.69  4.30  6.84
        8.83  8.50  5.78  2.25  0.44  0.07  0.02
 6  -5  0.44  0.29  0.24  0.65  1.44  1.87  2.24  2.68  4.15  6.78
        9.13  9.04  6.03  2.15  0.33  0.04  0.02
 6   5  0.49  0.29  0.24  0.65  1.44  1.86  2.22  2.67  4.13  6.79
        9.20  9.15  6.09  2.16  0.33  0.04  0.02
 6  15  0.54  0.29  0.23  0.65  1.42  1.82  2.17  2.64  4.16  6.88
        9.35  9.25  6.23  2.35  0.44  0.09  0.03
 6  25  0.60  0.29  0.23  0.64  1.39  1.76  2.10  2.59  4.14  6.85
        9.15  8.80  6.05  2.56  0.62  0.15  0.04
 6  35  0.74  0.32  0.24  0.61  1.34  1.70  2.03  2.50  4.01  6.69
        8.76  8.11  5.77  2.82  0.85  0.23  0.04
 6  45  0.88  0.33  0.24  0.60  1.28  1.63  1.94  2.37  3.81  6.45
        8.31  7.38  5.51  3.11  1.10  0.31  0.05
 6  55  0.89  0.30  0.24  0.61  1.23  1.55  1.84  2.23  3.57  6.14
        7.74  6.57  5.20  3.34  1.29  0.37  0.06
 6  65  0.75  0.25  0.24  0.61  1.18  1.47  1.73  2.09  3.33  5.75
        6.95  5.53  4.67  3.39  1.40  0.41  0.07
 6  75  0.61  0.22  0.23  0.60  1.13  1.40  1.64  1.98  3.18  5.54
        6.37  4.73  4.20  3.32  1.44  0.44  0.08
 6  85  0.55  0.16  0.19  0.55  1.16  1.37  1.61  1.83  2.95  5.76
        6.71  4.33  4.20  3.50  1.28  0.36  0.08
 7 -85  0.33  0.19  0.29  0.53  1.34  1.70  2.23  2.86  4.98  5.85
        4.95  3.66  3.59  3.17  1.45  0.39  0.03
 7 -75  0.44  0.26  0.30  0.60  1.27  1.73  2.25  3.03  4.85  5.67
        4.93  3.84  3.57  3.03  1.53  0.48  0.03
 7 -65  0.45  0.26  0.30  0.61  1.32  1.83  2.40  3.21  5.17  6.02
        5.22  4.07  3.77  3.14  1.53  0.47  0.03
 7 -55  0.49  0.26  0.28  0.65  1.43  1.95  2.51  3.47  5.87  6.87
        6.02  4.76  4.20  3.20  1.43  0.41  0.03
 7 -45  0.61  0.27  0.24  0.67  1.48  1.95  2.43  3.35  5.83  7.34
        7.04  5.86  4.83  3.23  1.31  0.35  0.03
 7 -35  0.60  0.28  0.22  0.66  1.45  1.90  2.34  3.05  5.18  7.19
        7.69  6.67  5.10  2.93  1.04  0.27  0.03
 7 -25  0.55  0.29  0.22  0.64  1.42  1.86  2.26  2.82  4.61  7.00
        8.31  7.55  5.36  2.53  0.71  0.16  0.03
 7 -15  0.49  0.28  0.23  0.62  1.40  1.84  2.24  2.72  4.33  6.98
        8.97  8.52  5.74  2.26  0.45  0.08  0.02
 7  -5  0.45  0.27  0.23  0.62  1.38  1.83  2.24  2.70  4.23  7.02
        9.37  9.12  6.03  2.15  0.33  0.04  0.02
 7   5  0.46  0.27  0.23  0.62  1.38  1.83  2.22  2.68  4.23  7.04
        9.45  9.24  6.11  2.16  0.33  0.04  0.02
 7  15  0.53  0.27  0.23  0.64  1.41  1.82  2.19  2.68  4.29  7.12
        9.57  9.33  6.26  2.33  0.42  0.08  0.03
 7  25  0.61  0.28  0.23  0.65  1.43  1.82  2.15  2.67  4.32  7.08
        9.32  8.86  6.05  2.47  0.56  0.12  0.03
 7  35  0.67  0.28  0.23  0.63  1.40  1.77  2.10  2.59  4.18  6.84
        8.84  8.14  5.75  2.66  0.74  0.18  0.04
 7  45  0.75  0.29  0.24  0.62  1.33  1.68  2.00  2.45  3.92  6.51
        8.30  7.34  5.48  2.92  0.96  0.25  0.05
 7  55  0.84  0.28  0.24  0.62  1.26  1.59  1.87  2.26  3.60  6.10
        7.63  6.43  5.14  3.12  1.14  0.31  0.06
 7  65  0.80  0.26  0.24  0.62  1.20  1.50  1.76  2.10  3.32  5.64
        6.77  5.35  4.57  3.10  1.20  0.33  0.06
 7  75  0.63  0.22  0.23  0.61  1.16  1.43  1.66  1.97  3.14  5.37
        6.13  4.50  4.05  2.97  1.20  0.34  0.07
 7  85  0.54  0.14  0.18  0.56  1.19  1.39  1.63  1.82  2.92  5.56
        6.45  4.07  4.10  3.09  1.04  0.27  0.07
 8 -85  0.36  0.20  0.31  0.53  1.35  1.69  2.23  2.76  4.42  5.47
        4.97  3.61  3.56  3.23  1.11  0.27  0.04
 8 -75  0.45  0.27  0.31  0.60  1.25  1.69  2.19  2.84  4.34  5.33
        4.91  3.81  3.55  3.02  1.28  0.35  0.04
 8 -65  0.48  0.28  0.30  0.59  1.26  1.75  2.27  2.89  4.52  5.76
        5.38  4.17  3.77  3.13  1.36  0.39  0.04
 8 -55  0.51  0.26  0.26  0.62  1.36  1.88  2.41  3.09  5.01  6.67
        6.50  5.16  4.36  3.31  1.40  0.38  0.03
 8 -45  0.63  0.29  0.23  0.64  1.47  1.97  2.45  3.13  5.18  7.19
        7.49  6.23  4.95  3.33  1.34  0.37  0.03
 8 -35  0.65  0.31  0.23  0.64  1.49  1.97  2.41  3.00  4.94  7.25
        8.06  6.95  5.19  3.03  1.12  0.31  0.03
 8 -25  0.63  0.33  0.23  0.63  1.45  1.90  2.30  2.82  4.59  7.18
        8.69  7.83  5.44  2.58  0.75  0.18  0.03
 8 -15  0.60  0.33  0.23  0.61  1.39  1.81  2.20  2.69  4.33  7.12
        9.29  8.80  5.84  2.29  0.47  0.09  0.03
 8  -5  0.58  0.31  0.22  0.59  1.34  1.75  2.13  2.63  4.21  7.06
        9.56  9.35  6.16  2.20  0.34  0.05  0.03
 8   5  0.57  0.30  0.22  0.59  1.32  1.73  2.11  2.62  4.21  7.06
        9.61  9.45  6.24  2.20  0.33  0.04  0.03
 8  15  0.59  0.30  0.23  0.60  1.34  1.75  2.15  2.67  4.31  7.19
        9.71  9.47  6.33  2.33  0.41  0.07  0.03
 8  25  0.63  0.30  0.23  0.61  1.38  1.81  2.19  2.72  4.43  7.23
        9.46  8.92  6.08  2.44  0.53  0.11  0.03
 8  35  0.63  0.28  0.22  0.60  1.38  1.80  2.17  2.70  4.39  7.06
        8.97  8.15  5.76  2.60  0.69  0.16  0.04
 8  45  0.63  0.26  0.22  0.60  1.33  1.72  2.07  2.56  4.18  6.74
        8.36  7.25  5.43  2.78  0.86  0.21  0.05
 8  55  0.65  0.24  0.23  0.60  1.25  1.61  1.95  2.41  3.94  6.38
        7.64  6.26  5.04  2.95  1.03  0.26  0.05
 8  65  0.63  0.22  0.22  0.59  1.19  1.52  1.84  2.28  3.74  5.94
        6.70  5.14  4.49  2.95  1.12  0.29  0.06
 8  75  0.51  0.19  0.22  0.58  1.14  1.45  1.76  2.19  3.56  5.45
        5.74  4.13  3.92  2.82  1.13  0.30  0.07
 8  85  0.43  0.14  0.18  0.55  1.17  1.41  1.72  2.02  3.44  5.62
        5.90  3.65  4.03  2.91  0.99  0.23  0.07
 9 -85  0.39  0.22  0.32  0.54  1.35  1.68  2.22  2.70  4.30  6.06
        5.75  3.85  3.57  3.07  0.89  0.20  0.04
 9 -75  0.45  0.28  0.32  0.61  1.26  1.67  2.13  2.74  4.32  5.87
        5.66  4.15  3.61  2.92  1.11  0.27  0.04
 9 -65  0.51  0.31  0.29  0.60  1.26  1.66  2.07  2.69  4.51  6.40
        6.43  4.87  4.12  3.26  1.31  0.35  0.04
 9 -55  0.53  0.33  0.25  0.60  1.30  1.71  2.13  2.82  4.91  7.15
        7.44  5.87  4.73  3.48  1.41  0.39  0.04
 9 -45  0.63  0.35  0.24  0.61  1.35  1.79  2.23  2.93  5.08  7.58
        8.20  6.72  5.13  3.39  1.35  0.39  0.04
 9 -35  0.72  0.37  0.23  0.60  1.37  1.83  2.27  2.87  4.84  7.53
        8.68  7.42  5.36  3.05  1.12  0.32  0.03
 9 -25  0.75  0.37  0.23  0.58  1.36  1.81  2.23  2.74  4.46  7.25
        9.12  8.31  5.68  2.65  0.76  0.20  0.03
 9 -15  0.74  0.35  0.22  0.58  1.34  1.78  2.17  2.64  4.20  7.02
        9.47  9.13  6.04  2.35  0.48  0.10  0.03
 9  -5  0.71  0.33  0.22  0.58  1.32  1.74  2.12  2.59  4.09  6.88
        9.54  9.49  6.25  2.22  0.34  0.05  0.03
 9   5  0.69  0.32  0.22  0.58  1.29  1.70  2.09  2.58  4.09  6.88
        9.56  9.53  6.29  2.21  0.33  0.04  0.03
 9  15  0.70  0.34  0.22  0.57  1.28  1.69  2.10  2.61  4.19  7.01
        9.63  9.46  6.28  2.30  0.40  0.06  0.03
 9  25  0.74  0.35  0.22  0.56  1.28  1.71  2.13  2.66  4.33  7.13
        9.44  8.88  5.98  2.38  0.51  0.10  0.03
 9  35  0.73  0.34  0.21  0.56  1.29  1.72  2.14  2.69  4.44  7.11
        8.94  8.01  5.64  2.54  0.67  0.14  0.04
 9  45  0.64  0.29  0.21  0.56  1.28  1.72  2.12  2.68  4.51  7.02
        8.27  6.98  5.26  2.72  0.84  0.19  0.04
 9  55  0.57  0.25  0.20  0.57  1.26  1.68  2.09  2.68  4.58  6.89
        7.51  5.92  4.87  2.88  1.01  0.23  0.05
 9  65  0.53  0.23  0.22  0.57  1.22  1.64  2.08  2.72  4.64  6.56
        6.51  4.78  4.33  2.87  1.09  0.26  0.05
 9  75  0.44  0.20  0.23  0.56  1.19  1.64  2.12  2.78  4.49  5.85
        5.34  3.73  3.72  2.70  1.12  0.29  0.07
 9  85  0.38  0.15  0.21  0.51  1.22  1.63  2.18  2.66  4.54  6.00
        5.33  3.25  3.84  2.77  1.00  0.22  0.07
10 -85  0.52  0.28  0.25  0.57  1.30  1.61  1.99  2.37  4.05  6.40
        6.96  4.83  4.47  3.76  1.10  0.25  0.05
10 -75  0.52  0.34  0.28  0.61  1.23  1.60  1.97  2.52  4.14  6.23
        6.72  5.16  4.50  3.57  1.36  0.34  0.05
10 -65  0.52  0.38  0.27  0.60  1.22  1.60  1.99  2.55  4.28  6.59
        7.36  5.87  4.97  3.86  1.59  0.44  0.05
10 -55  0.56  0.41  0.26  0.58  1.24  1.64  2.04  2.63  4.46  7.01
        8.00  6.56  5.26  3.80  1.59  0.46  0.05
10 -45  0.70  0.43  0.26  0.57  1.26  1.68  2.09  2.66  4.50  7.27
        8.54  7.16  5.36  3.42  1.36  0.40  0.04
10 -35  0.86  0.44  0.25  0.57  1.28  1.71  2.12  2.65  4.39  7.30
        9.01  7.85  5.51  2.98  1.03  0.30  0.04
10 -25  0.86  0.42  0.24  0.56  1.28  1.72  2.14  2.65  4.26  7.19
        9.44  8.70  5.81  2.59  0.70  0.18  0.03
10 -15  0.78  0.40  0.24  0.56  1.27  1.71  2.14  2.64  4.18  7.08
        9.67  9.29  6.02  2.29  0.45  0.09  0.03
10  -5  0.76  0.40  0.24  0.55  1.26  1.70  2.12  2.62  4.13  6.94
        9.61  9.42  6.04  2.10  0.32  0.04  0.02
10   5  0.77  0.39  0.24  0.55  1.25  1.68  2.10  2.61  4.14  6.93
        9.58  9.40  6.03  2.09  0.31  0.04  0.02
10  15  0.75  0.37  0.23  0.56  1.25  1.68  2.10  2.64  4.23  7.00
        9.47  9.11  5.90  2.15  0.38  0.06  0.02
10  25  0.78  0.36  0.23  0.56  1.27  1.72  2.15  2.69  4.41  7.17
        9.25  8.51  5.63  2.27  0.50  0.09  0.03
10  35  0.84  0.36  0.23  0.55  1.30  1.77  2.22  2.80  4.72  7.33
        8.70  7.55  5.30  2.46  0.68  0.13  0.03
10  45  0.81  0.34  0.23  0.56  1.32  1.81  2.29  2.98  5.12  7.38
        7.89  6.47  5.00  2.73  0.90  0.19  0.04
10  55  0.73  0.30  0.24  0.57  1.33  1.84  2.39  3.21  5.44  7.23
        7.00  5.46  4.71  2.96  1.09  0.25  0.04
10  65  0.80  0.29  0.28  0.58  1.35  1.94  2.61  3.47  5.54  6.75
        5.98  4.43  4.22  2.93  1.17  0.28  0.05
10  75  0.68  0.26  0.31  0.59  1.38  2.02  2.75  3.57  5.34  6.08
        5.13  3.71  3.81  2.81  1.17  0.29  0.06
10  85  0.46  0.17  0.33  0.49  1.44  2.02  2.77  3.35  5.47  6.19
        5.10  3.31  3.98  2.88  1.05  0.21  0.06
11 -85  0.50  0.18  0.21  0.55  1.18  1.44  1.76  2.06  3.45  6.16
        6.92  4.69  4.61  4.07  1.40  0.36  0.06
11 -75  0.55  0.25  0.24  0.58  1.15  1.47  1.79  2.22  3.64  5.95
        6.62  5.05  4.59  3.79  1.60  0.45  0.06
11 -65  0.63  0.29  0.25  0.58  1.17  1.52  1.86  2.33  3.80  6.23
        7.16  5.67  4.86  3.75  1.58  0.45  0.06
11 -55  0.69  0.33  0.24  0.57  1.20  1.57  1.93  2.42  3.96  6.57
        7.84  6.46  5.11  3.52  1.41  0.40  0.05
11 -45  0.75  0.35  0.24  0.56  1.22  1.61  1.99  2.49  4.06  6.80
        8.45  7.26  5.31  3.14  1.14  0.32  0.05
11 -35  0.78  0.37  0.24  0.55  1.23  1.65  2.04  2.56  4.15  6.98
        9.00  8.08  5.56  2.77  0.86  0.23  0.04
11 -25  0.77  0.37  0.24  0.56  1.25  1.68  2.09  2.63  4.26  7.15
        9.52  8.90  5.87  2.48  0.62  0.15  0.03
11 -15  0.75  0.37  0.24  0.57  1.27  1.70  2.13  2.70  4.34  7.21
        9.77  9.42  6.10  2.27  0.43  0.08  0.03
11  -5  0.79  0.40  0.24  0.57  1.28  1.72  2.15  2.74  4.36  7.07
        9.54  9.39  6.12  2.15  0.33  0.04  0.02
11   5  0.83  0.41  0.24  0.57  1.27  1.71  2.14  2.74  4.37  7.06
        9.48  9.31  6.09  2.14  0.33  0.04  0.02
11  15  0.81  0.41  0.24  0.57  1.27  1.72  2.16  2.74  4.43  7.16
        9.37  8.90  5.82  2.16  0.40  0.06  0.02
11  25  0.79  0.38  0.24  0.56  1.30  1.77  2.24  2.84  4.71  7.39
        9.04  8.13  5.44  2.28  0.54  0.10  0.03
11  35  0.84  0.37  0.24  0.56  1.34  1.86  2.38  3.10  5.28  7.62
        8.29  7.02  5.05  2.50  0.74  0.16  0.03
11  45  0.89  0.34  0.26  0.56  1.37  1.94  2.57  3.47  5.86  7.65
        7.37  5.95  4.75  2.77  0.96  0.22  0.03
11  55  0.81  0.30  0.32  0.59  1.40  2.06  2.84  3.81  6.07  7.30
        6.46  5.04  4.45  2.96  1.15  0.28  0.04
11  65  0.97  0.29  0.36  0.62  1.43  2.16  3.03  3.92  5.79  6.61
        5.58  4.26  4.07  2.96  1.28  0.33  0.04
11  75  0.84  0.26  0.35  0.62  1.45  2.16  2.95  3.60  5.13  5.78
        4.85  3.67  3.57  2.66  1.24  0.33  0.04
11  85  0.47  0.18  0.36  0.53  1.51  2.11  2.89  3.14  4.89  5.59
        4.54  3.22  3.47  2.54  1.17  0.24  0.04
12 -85  0.54  0.15  0.20  0.56  1.17  1.38  1.64  1.85  2.89  5.66
        6.74  4.44  4.38  3.60  1.24  0.32  0.07
12 -75  0.62  0.22  0.24  0.59  1.13  1.41  1.68  1.99  3.14  5.48
        6.38  4.82  4.33  3.40  1.42  0.40  0.07
12 -65  0.73  0.25  0.25  0.59  1.16  1.47  1.76  2.13  3.34  5.73
        6.87  5.47  4.67  3.39  1.38  0.39  0.06
12 -55  0.76  0.28  0.24  0.58  1.19  1.53  1.85  2.27  3.60  6.12
        7.63  6.45  5.10  3.25  1.22  0.34  0.06
12 -45  0.73  0.30  0.24  0.57  1.22  1.60  1.95  2.41  3.83  6.47
        8.34  7.40  5.43  2.96  0.98  0.26  0.05
12 -35  0.66  0.29  0.22  0.57  1.27  1.66  2.04  2.53  4.03  6.78
        8.93  8.22  5.69  2.67  0.76  0.19  0.04
12 -25  0.59  0.30  0.22  0.59  1.30  1.71  2.11  2.64  4.24  7.09
        9.44  8.87  5.85  2.39  0.55  0.13  0.03
12 -15  0.58  0.32  0.23  0.60  1.31  1.74  2.15  2.72  4.42  7.34
        9.76  9.27  5.95  2.18  0.40  0.07  0.03
12  -5  0.57  0.34  0.24  0.59  1.30  1.74  2.17  2.78  4.51  7.30
        9.58  9.18  5.90  2.05  0.31  0.04  0.02
12   5  0.53  0.34  0.24  0.58  1.29  1.72  2.17  2.79  4.53  7.29
        9.48  9.08  5.85  2.05  0.31  0.04  0.02
12  15  0.56  0.34  0.23  0.57  1.29  1.74  2.18  2.78  4.56  7.26
        9.17  8.55  5.59  2.11  0.40  0.07  0.02
12  25  0.72  0.35  0.24  0.57  1.32  1.79  2.24  2.84  4.75  7.34
        8.73  7.79  5.29  2.32  0.58  0.12  0.02
12  35  0.88  0.35  0.25  0.58  1.37  1.89  2.40  3.08  5.17  7.43
        8.02  6.86  5.05  2.67  0.86  0.20  0.03
12  45  0.94  0.34  0.30  0.60  1.45  2.08  2.74  3.49  5.53  7.22
        7.02  5.81  4.77  3.04  1.19  0.31  0.03
12  55  0.89  0.31  0.38  0.66  1.52  2.23  3.02  3.72  5.38  6.61
        6.04  4.86  4.37  3.20  1.41  0.39  0.03
12  65  1.00  0.29  0.41  0.67  1.50  2.23  3.06  3.70  5.08  6.09
        5.42  4.29  4.07  3.19  1.46  0.40  0.03
12  75  0.82  0.26  0.38  0.66  1.49  2.21  2.99  3.51  4.84  5.79
        5.14  4.05  3.88  3.08  1.40  0.38  0.03
12  85  0.48  0.18  0.39  0.57  1.56  2.20  3.00  3.19  4.85  6.00
        5.17  3.85  3.97  3.20  1.28  0.29  0.03
SBUV (1979) DATA BELOW .7 MB, SME (1982) (AVERAGE IR AND UV) ABOVE
.7 MB,  AVERAGE SBUV AND SME AT .7 MB.
DATA RUN THROUGH 4 POINT SMOOTHER ONCE
