  64
 .994671
 .988632
 .981800
 .974083
 .965385
 .955603
 .944631
 .932360
 .918678
 .903480
 .886663
 .868139
 .847830
 .825685
 .801677
 .775811
 .748133
 .718729
 .687731
 .655316
 .621705
 .587160
 .551974
 .516463
 .480955
 .445778
 .411249
 .377659
 .345269
 .314300
 .284928
 .257284
 .231454
 .207482
 .185372
 .165099
 .146608
 .129823
 .114655
 .101002
 .088756
 .077808
 .068049
 .059370
 .051671
 .044855
 .038831
 .033515
 .028830
 .024708
 .021084
 .017901
 .015107
 .012658
 .010511
 .008631
 .006985
 .005544
 .004284
 .003183
 .002220
 .001378
 .000642
