2022051900
2022051912
2022052000
2022052012
2022052100
2022052112
2022052200
2022052212
2022052300
2022052312
2022052400
2022052412
2022052500
2022052512
2022052600
2022052612
2022052700
2022052712
2022052800
2022052812
2022052900
2022052912
2022053000
2022053012
2022053100
2022053112
2022060100
2022060112
2022060200
2022060212
2022060300
2022060312
2022060400
2022060412
2022060500
2022060512
2022060600
2022060612
2022060700
2022060712
2022060800
2022060812
2022060900
2022060912
2022061000
2022061012
2022061100
2022061112
2022061200
2022061212
2022061300
2022061312
2022061400
2022061412
2022061500
2022061512
2022061600
2022061612
2022061700
2022061712
2022061800
2022061812
2022061900
2022061912
2022062000
2022062012
2022062100
2022062112
2022062200
2022062212
2022062300
2022062312
