NOAA-15 ATOVS
    2    40     1     0 
       1       2       3       4       5       6       7       8       9
      10      11      12      13      14      15      16      17      18
      19      20       1       2       3       4       5       6       7
       8       9      10      11      12      13      14      15       1
       2       3       4       5
     1.44000      0.25000      0.25000      0.09000      0.25000     0.36000     2.25000
     39.6900      39.6900      39.6900      9.00000      16.0000     1.44000     1.44000
     0.25000      0.16000      0.16000      0.16000      0.16000     0.16000     4.00000
     4.00000      4.00000      0.49000      0.04000      0.02250     0.04000     0.06250
     0.16000      0.36000      0.36000      0.36000      0.36000     1.00000     9.00000
     64.0000      25.0000      16.0000      16.0000      16.0000
NOAA-16 ATOVS
    2    40     1     0 
       1       2       3       4       5       6       7       8       9
      10      11      12      13      14      15      16      17      18
      19      20       1       2       3       4       5       6       7
       8       9      10      11      12      13      14      15       1
       2       3       4       5
     1.44000      0.25000      0.25000      0.09000      0.25000     0.36000     2.25000
     39.6900      39.6900      39.6900      9.00000      16.0000     1.44000     1.44000
     0.25000      0.16000      0.16000      0.16000      0.16000     0.16000     4.00000
     4.00000      4.00000      0.49000      0.04000      0.02250     0.04000     0.06250
     0.16000      0.36000      0.36000      0.36000      0.36000     1.00000     9.00000
     64.0000      25.0000      16.0000      16.0000      16.0000
NOAA-17 ATOVS
    2    40     1     0 
       1       2       3       4       5       6       7       8       9
      10      11      12      13      14      15      16      17      18
      19      20       1       2       3       4       5       6       7
       8       9      10      11      12      13      14      15       1
       2       3       4       5
     1.44000      0.25000      0.25000      0.09000      0.25000     0.36000     2.25000
     39.6900      39.6900      39.6900      9.00000      16.0000     1.44000     1.44000
     0.25000      0.16000      0.16000      0.16000      0.16000     0.16000     4.00000
     4.00000      4.00000      0.49000      0.04000      0.02250     0.04000     0.06250
     0.16000      0.36000      0.36000      0.36000      0.36000     1.00000     9.00000
     64.0000      25.0000      16.0000      16.0000      16.0000
NOAA-18 ATOVS
    2    40     1     0 
       1       2       3       4       5       6       7       8       9
      10      11      12      13      14      15      16      17      18
      19      20       1       2       3       4       5       6       7
       8       9      10      11      12      13      14      15       1
       2       3       4       5
     1.44000      0.25000      0.25000      0.09000      0.25000     0.36000     2.25000
     39.6900      39.6900      39.6900      9.00000      16.0000     1.44000     1.44000
     0.25000      0.16000      0.16000      0.16000      0.16000     0.16000     4.00000
     4.00000      4.00000      0.49000      0.04000      0.02250     0.04000     0.06250
     0.16000      0.36000      0.36000      0.36000      0.36000     1.00000     9.00000
     64.0000      25.0000      16.0000      16.0000      16.0000
NOAA-19 ATOVS
    2    40     1     0 
       1       2       3       4       5       6       7       8       9
      10      11      12      13      14      15      16      17      18
      19      20       1       2       3       4       5       6       7
       8       9      10      11      12      13      14      15       1
       2       3       4       5
     1.44000      0.25000      0.25000      0.09000      0.25000     0.36000     2.25000
     39.6900      39.6900      39.6900      9.00000      16.0000     1.44000     1.44000
     0.25000      0.16000      0.16000      0.16000      0.16000     0.16000     4.00000
     4.00000      4.00000      0.49000      0.04000      0.02250     0.04000     0.06250
     0.16000      0.36000      0.36000      0.36000      0.36000     1.00000     9.00000
     64.0000      25.0000      16.0000      16.0000      16.0000
MetOp-A ATOVS
    2    40     1     0 
       1       2       3       4       5       6       7       8       9
      10      11      12      13      14      15      16      17      18
      19      20       1       2       3       4       5       6       7
       8       9      10      11      12      13      14      15       1
       2       3       4       5
     1.44000      0.25000      0.25000      0.09000      0.25000     0.36000     2.25000
     39.6900      39.6900      39.6900      9.00000      16.0000     1.44000     1.44000
     0.25000      0.16000      0.16000      0.16000      0.16000     0.16000     4.00000
     4.00000      4.00000      0.49000      0.04000      0.02250     0.04000     0.06250
     0.16000      0.36000      0.36000      0.36000      0.36000     1.00000     9.00000
     64.0000      25.0000      16.0000      16.0000      16.0000
MetOp-B ATOVS
    2    40     1     0 
       1       2       3       4       5       6       7       8       9
      10      11      12      13      14      15      16      17      18
      19      20       1       2       3       4       5       6       7
       8       9      10      11      12      13      14      15       1
       2       3       4       5
     1.44000      0.25000      0.25000      0.09000      0.25000     0.36000     2.25000
     39.6900      39.6900      39.6900      9.00000      16.0000     1.44000     1.44000
     0.25000      0.16000      0.16000      0.16000      0.16000     0.16000     4.00000
     4.00000      4.00000      0.49000      0.04000      0.02250     0.04000     0.06250
     0.16000      0.36000      0.36000      0.36000      0.36000     1.00000     9.00000
     64.0000      25.0000      16.0000      16.0000      16.0000
MetOp-C ATOVS
    2    40     1     0 
       1       2       3       4       5       6       7       8       9
      10      11      12      13      14      15      16      17      18
      19      20       1       2       3       4       5       6       7
       8       9      10      11      12      13      14      15       1
       2       3       4       5
     1.44000      0.25000      0.25000      0.09000      0.25000     0.36000     2.25000
     39.6900      39.6900      39.6900      9.00000      16.0000     1.44000     1.44000
     0.25000      0.16000      0.16000      0.16000      0.16000     0.16000     4.00000
     4.00000      4.00000      0.49000      0.04000      0.02250     0.04000     0.06250
     0.16000      0.36000      0.36000      0.36000      0.36000     1.00000     9.00000
     64.0000      25.0000      16.0000      16.0000      16.0000
