0.154882
0.152092
0.155512
0.166645
0.19334
0.230637
0.266522
0.300262
0.339374
0.390284
0.4622
0.542937
0.62765
0.723393
0.808989
0.879078
0.940296
0.985913
1.02817
1.06078
1.09162
1.13107
1.17388
1.21533
1.26222
1.30857
1.35319
1.39229
1.4287
1.45219
1.4774
1.50451
1.53349
1.55615
1.57799
1.59799
1.6164
1.63278
1.64324
1.65426
1.66586
1.67803
1.69077
1.71544
1.72969
1.74458
1.75625
1.76542
1.77427
1.78203
1.78962
1.79477
1.79937
1.8033
1.80627
1.80904
1.81123
1.81333
1.81521
1.817
1.81872
1.82047
1.82207
1.82329
1.82437
1.8252
1.8259
1.82655
1.82723
1.82782
1.82843
1.82901
1.82963
1.83031
1.83098
1.83168
1.83259
1.83355
1.8344
1.83526
1.83593
1.83657
1.83725
1.83795
1.8387
1.83956
1.84071
1.84197
1.84339
1.84511
1.84643
1.84759
1.84884
1.84999
1.85078
1.85134
1.8518
1.85213
1.85233
1.85241
1.85243
