0.844725
0.826442
0.791293
0.735212
0.658002
0.564642
0.442318
0.320356
0.245514
0.197331
0.155639
0.116378
0.0885306
0.0710601
0.0602034
0.0513364
0.0439053
0.0412109
0.0396165
0.0377226
0.035072
0.032783
0.030658
0.0282491
0.0264749
0.0249973
0.0242581
0.0237684
0.0236668
0.0236239
0.0237713
0.0239864
0.0244707
0.0251505
0.0263866
0.0280634
0.0302882
0.033465
0.0373627
0.0414451
0.0462792
0.0516083
0.057447
0.064457
0.0679968
0.0725338
0.0763801
0.0797644
0.0833946
0.0859718
0.0888722
0.0913409
0.0940159
0.0971932
0.10083
0.104843
0.108941
0.113499
0.11774
0.12191
0.125846
0.129008
0.131911
0.134077
0.136158
0.137649
0.138983
0.139907
0.14065
0.141177
0.141582
0.141919
0.142445
0.142971
0.143351
0.143738
0.144167
0.144587
0.144804
0.145059
0.145162
0.145425
0.146261
0.147607
0.148988
0.149872
0.150429
0.151061
0.151693
0.152986
0.154627
0.156974
0.159376
0.161294
0.163943
0.166843
0.167965
0.169254
0.170891
0.172753
0.174861
