386.188
386.198
386.225
386.269
386.339
386.439
386.559
386.69
386.769
386.655
386.42
386.209
386.381
386.8
387.246
387.764
388.312
388.815
389.306
389.797
390.19
390.434
390.589
390.609
390.543
390.413
390.348
390.295
390.417
390.548
390.732
390.927
390.941
390.948
391.572
392.518
393.277
393.549
393.835
394.726
395.726
396.505
397.011
397.526
397.382
397.23
396.634
395.689
395.397
396.059
396.742
397.252
397.738
398.075
398.336
398.543
398.669
398.656
398.289
398.318
398.884
399.383
399.901
400.264
400.6
400.898
401.186
401.46
401.736
401.982
402.264
402.544
402.855
403.19
403.511
403.836
404.104
404.347
404.536
404.707
404.847
404.992
405.147
405.31
405.078
404.993
404.871
404.707
404.466
404.245
404.03
403.764
403.491
403.27
402.649
402.129
401.722
401.42
401.241
401.191
401.2
