2.62772
3.20661
4.20843
5.09362
5.61328
5.86185
5.96958
5.99932
5.97678
5.90799
5.79092
5.6532
5.51782
5.39155
5.27246
5.15387
5.03052
4.90777
4.78781
4.6699
4.5537
4.42954
4.30341
4.18273
4.06934
3.95851
3.85756
3.77109
3.69407
3.62572
3.56615
3.51531
3.47203
3.44555
3.43788
3.4449
3.46377
3.49124
3.50157
3.57746
3.65923
3.8019
3.82802
3.87569
4.24368
4.82114
5.91158
7.6203
9.75583
12.6836
17.1739
24.3287
34.9544
47.7482
62.5216
80.3332
103.199
133.806
178.298
232.745
296.389
366.42
448.595
548.621
668.43
804.815
947.419
1076.64
1199.25
1332.03
1497.12
1690.77
1895.33
2147.76
2425.15
2718.13
3040.03
3352.45
3651.06
3935.88
4226.46
4530.23
4833.72
5178.46
5550.62
5960.33
6461.11
6952.51
7517.06
8110.47
8685.04
9216.19
9593.87
9989.03
10500.6
11062.6
11340.6
11510.3
11242.8
10930.1
10630.2
