0.00837879
0.00621589
0.0046519
0.00365682
0.00301351
0.00216109
0.00195545
0.00227641
0.00422534
0.00692223
0.0100159
0.012923
0.0155593
0.0206271
0.0259225
0.0324668
0.0393433
0.0472325
0.0552514
0.065593
0.0754452
0.0873065
0.0998797
0.111927
0.125571
0.138986
0.151941
0.163322
0.173924
0.18409
0.193455
0.200958
0.208878
0.216487
0.224236
0.231677
0.23874
0.245658
0.252893
0.260276
0.266998
0.274577
0.28188
0.288597
0.294853
0.300561
0.305503
0.309785
0.313505
0.316436
0.319074
0.321346
0.323173
0.32474
0.325965
0.327002
0.327848
0.328458
0.328928
0.329272
0.329453
0.32958
0.329672
0.329739
0.329781
0.329804
0.329814
0.329817
0.329817
0.329817
0.329817
0.329817
0.329817
0.329817
0.329817
0.329817
0.329817
0.329817
0.329817
0.329817
0.329817
0.329817
0.329817
0.329817
0.329817
0.329817
0.329817
0.329817
0.329817
0.329817
0.329817
0.329817
0.329817
0.329817
0.329817
0.329817
0.329817
0.329817
0.329817
0.329817
0.329817
