0.296166
0.326063
0.400531
0.570046
0.801701
1.05099
1.33423
1.66175
2.05567
2.57157
3.17312
3.78134
4.43211
5.08549
5.70574
6.26852
6.68441
6.94824
7.0987
7.14478
7.09552
6.94225
6.68123
6.32364
5.89293
5.41806
4.96398
4.54665
4.17129
3.82079
3.47788
3.15375
2.86942
2.60336
2.34553
2.09975
1.87475
1.67411
1.48814
1.30587
1.13074
0.972394
0.839663
0.744366
0.672636
0.624852
0.591757
0.546175
0.494443
0.451315
0.411093
0.372981
0.330693
0.28868
0.249339
0.215617
0.186614
0.164136
0.146409
0.130419
0.116838
0.104318
0.0942115
0.0862935
0.0801104
0.0747463
0.0697146
0.0657065
0.0624908
0.059948
0.0576579
0.0559484
0.0542677
0.0530505
0.0522998
0.0514709
0.0507883
0.0501358
0.0498613
0.0495494
0.049353
0.0491424
0.0484953
0.0475789
0.0473171
0.0471183
0.0467757
0.0458657
0.0449686
0.0439952
0.0429869
0.0418929
0.0408982
0.0396698
0.0376495
0.0349568
0.0307492
0.0277748
0.0273608
0.0273608
0.0273608
