0.005
0.0161
0.0384
0.0769
0.137
0.2244
0.3454
0.5064
0.714
0.9753
1.2972
1.6872
2.1526
2.7009
3.3398
4.077
4.9204
5.8776
6.9567
8.1655
9.5119
11.0038
12.6492
14.4559
16.4318
18.5847
20.9224
23.4526
26.1829
29.121
32.2744
35.6505
39.2566
43.1001
47.1882
51.5278
56.126
60.9895
66.1253
71.5398
77.2396
83.231
89.5204
96.1138
103.017
110.237
117.778
125.646
133.846
142.385
151.266
160.496
170.078
180.018
190.32
200.989
212.028
223.442
235.234
247.408
259.969
272.919
286.262
300.0
314.137
328.675
343.618
358.966
374.724
390.893
407.474
424.47
441.882
459.712
477.961
496.63
515.72
535.232
555.167
575.525
596.306
617.511
639.14
661.192
683.667
706.565
729.886
753.628
777.79
802.371
827.371
852.788
878.62
904.866
931.524
958.591
986.067
1013.95
1042.23
1070.92
1100.0
