0.625199E-05
0.195222E-04
0.359085E-04
0.466354E-04
0.512018E-04
0.513532E-04
0.480639E-04
0.436510E-04
0.379153E-04
0.308011E-04
0.242381E-04
0.194483E-04
0.161689E-04
0.142082E-04
0.130502E-04
0.121856E-04
0.118586E-04
0.116291E-04
0.118674E-04
0.121510E-04
0.125930E-04
0.130828E-04
0.136488E-04
0.143106E-04
0.150344E-04
0.157009E-04
0.163099E-04
0.169692E-04
0.177457E-04
0.187876E-04
0.198773E-04
0.210550E-04
0.223607E-04
0.243040E-04
0.266418E-04
0.294546E-04
0.325951E-04
0.366395E-04
0.407735E-04
0.447679E-04
0.485298E-04
0.512808E-04
0.539585E-04
0.556288E-04
0.573776E-04
0.575000E-04
0.575000E-04
0.572573E-04
0.568194E-04
0.563858E-04
0.562015E-04
0.560100E-04
0.559152E-04
0.559504E-04
0.559870E-04
0.564024E-04
0.570380E-04
0.576951E-04
0.585284E-04
0.594575E-04
0.604161E-04
0.616840E-04
0.631734E-04
0.647070E-04
0.664225E-04
0.683709E-04
0.703735E-04
0.725923E-04
0.757381E-04
0.789658E-04
0.822761E-04
0.860854E-04
0.901035E-04
0.942181E-04
0.988629E-04
0.104576E-03
0.110417E-03
0.116388E-03
0.123397E-03
0.130887E-03
0.138533E-03
0.146474E-03
0.157723E-03
0.169192E-03
0.180881E-03
0.192631E-03
0.204068E-03
0.215710E-03
0.227560E-03
0.238698E-03
0.247851E-03
0.257156E-03
0.266612E-03
0.275381E-03
0.281450E-03
0.287613E-03
0.293868E-03
0.300216E-03
0.306655E-03
0.313187E-03
0.319807E-03
