SNPP ATMS
    2    22     1     0
       1       2       3       4       5       6       7       8       9
      10      11      12      13      14      15      16      17      18
      19      20      21      22
     84.4102       34.5744      7.19205      3.81377      1.50063      0.12250      0.12250
     0.12250       0.12250      0.30250      0.96393      0.81000      1.21000      0.78766
     1.64096       64.0000      18.7777      16.0000      16.0000      16.0000
    16.0000
     20.2500
